7076
2645
7178
7265
5639
8962
2524
3808
9360
7885
9756
4119
1149
407
2475
2184
3233
9418
8612
5232
8929
5077
354
206
9438
855
3075
3833
9028
9753
1643
2883
9202
6529
1004
8040
2012
9076
6804
9068
8462
2220
6807
9572
657
3226
4846
7539
3634
8718
1632
4872
5969
3093
1217
4854
200
738
4041
3093
7693
3376
5094
7927
57
3142
9460
1565
8522
1484
7787
4538
3205
8045
7978
280
9408
526
4835
6874
7760
8158
7527
2786
2590
1934
3667
9156
5983
1459
4331
6091
628
2186
4518
443
3567
4427
1514
2518
