9548
2724
7172
4186
4988
9608
9353
6085
1257
6854
8863
4695
3062
8599
1958
9919
1061
8145
8211
7615
2482
3203
8850
1840
1073
6512
1790
1318
4293
7519
2366
2614
3699
1698
562
8501
5349
1063
9711
4019
3251
7980
4070
4680
1759
310
4284
1197
3808
9347
9798
6094
2402
7518
7091
3342
716
9635
7870
860
5474
1091
100
853
2171
4826
6915
3369
1894
9200
7540
4210
9993
4141
3562
867
6202
33
219
8254
7249
1602
8815
2201
4765
6375
2246
6481
5526
1477
6815
1967
4868
8520
3543
1818
1822
804
7710
6382
8965
7036
4752
7419
7394
5795
8002
7313
1341
9409
2412
2411
80
7016
9910
5721
2251
2696
358
4098
5177
6751
9913
4505
1075
9429
3087
832
5955
5144
764
5674
4812
6323
5980
5798
584
4676
999
6921
2194
510
6230
218
7445
7276
5141
8676
3140
2599
8489
8728
5788
8057
3091
8881
1063
3875
7381
4604
1554
1245
9605
8231
513
316
7952
6729
9442
8713
3569
3139
9375
6911
3602
1318
9240
7493
8433
4708
3008
3709
6423
7067
7159
7579
6918
8816
6328
1722
3329
6776
5891
396
1328
6045
4446
1009
115
1758
1992
2650
8599
9960
9102
9230
7479
3348
9041
2364
3893
2465
8568
2386
8809
2740
3842
8157
9369
1340
5038
8802
9930
3451
1615
701
4277
7186
586
1896
2942
2124
1010
9118
6385
1919
7654
1281
3534
8110
4105
8937
7495
6674
6594
957
246
9065
9605
4983
293
4031
4354
6915
600
2125
6124
920
7598
3040
4045
6906
3464
7692
1256
5871
1864
6864
6911
5617
2302
4331
1974
2147
5391
2607
9463
1560
1896
6293
9128
2832
2481
5009
8106
2132
6389
2759
6035
2164
6144
2766
1695
5311
6970
3557
5634
3011
148
1491
8817
9062
1504
435
8337
4820
5606
6080
6848
6761
404
8829
4611
2673
598
5704
1887
9262
8294
9472
4413
3435
6646
1605
8776
1279
9771
1743
4568
1299
5452
4737
3684
4407
956
3471
3635
6594
3572
1758
6787
633
1749
3547
9166
6754
6715
3630
5194
1849
1110
3312
3536
3315
6006
8108
6128
8785
3668
8434
2162
8311
2169
1617
1888
5950
425
8486
1986
534
2128
6544
2922
1520
7392
8710
7889
3515
4777
4075
2049
4941
3419
2256
2134
8277
232
5835
7423
7774
2557
9511
1736
2279
4866
3228
6637
9489
1776
1920
6728
3752
1523
8958
8955
3734
7056
2278
2325
8212
8904
5637
4846
2322
9293
3975
3685
9913
5509
9962
9165
6927
285
5013
5827
1018
4448
5673
6739
4025
2360
9910
3179
9552
1108
5297
1424
322
7019
1908
8768
6756
623
230
1576
3743
9365
3069
2583
2166
2661
674
5154
3657
7261
1908
6185
234
7531
3904
3834
8366
5018
2751
5877
8053
412
2400
2464
3070
4585
6647
4427
1876
567
7542
4759
3230
9755
8299
2434
6870
2687
1466
5862
9655
4916
2397
1012
749
7066
649
5162
8984
7453
435
268
7265
9138
419
4274
800
2547
775
8495
9724
9543
6107
8050
6309
3142
8120
1600
8207
8459
1914
753
2576
5707
4535
7722
8508
8949
1949
5260
2158
1786
7115
3786
314
6095
5586
7424
5537
7489
7197
3842
6036
8536
2239
707
4477
463
5148
2120
2714
7491
9371
3196
1579
345
8842
5717
1807
949
4387
9798
7369
7769
9406
8614
9913
7499
1910
2545
808
7018
1280
862
4436
7634
8329
3745
5197
909
4464
2482
7583
4701
7268
6621
4561
3335
5535
5307
1293
1010
3395
1745
1138
9569
8084
7848
2198
9741
3942
3101
6111
2535
5320
3626
8132
4332
1778
7620
5743
7465
5307
5926
2358
2417
9582
7294
922
205
8989
1558
1040
1715
2182
6902
7646
6219
8085
3800
120
8318
7851
924
7980
3695
5774
9885
8219
3534
6065
1780
3817
6907
1077
6604
6166
7608
831
4309
3262
1970
508
3213
1934
7521
8963
2204
3656
9470
4042
766
7289
1669
2044
2374
8921
8411
1561
2145
914
7553
3518
4041
1396
1498
406
3420
1561
4649
6081
9596
1221
6207
1093
3768
9984
3060
9106
1882
9127
4867
3050
6722
6895
107
8241
7715
7404
1154
225
2125
321
573
5937
3355
9192
4526
7783
1726
677
9789
2011
3450
3174
1515
3135
398
1854
371
4684
5770
2754
6209
830
4396
19
8583
7010
1740
6173
1885
7310
2457
7360
6953
9507
435
9421
8608
8463
3322
8003
2220
4774
3462
3466
1983
1490
9497
1023
7830
4920
3763
7506
3857
5564
196
93
2226
3928
375
9478
4356
6985
525
838
2926
2651
4359
7499
6312
791
1992
5915
237
4905
5594
713
3794
710
3904
1629
2294
8510
4125
9551
6426
9598
6979
1205
803
650
6845
4766
3342
3113
5697
221
4899
2641
9808
5881
6765
1109
2433
4676
9545
2412
5869
9499
317
6740
1211
2926
2491
230
2415
2097
8021
4972
2351
1490
8723
9376
9975
3756
7412
2023
2717
9019
1153
7294
1527
5760
120
9923
2395
4135
6023
1688
5911
3144
4247
2451
9923
987
3484
3705
8099
1552
2074
653
369
2509
2266
8387
1419
9673
7853
5898
9385
4169
7376
2201
7090
4296
7552
1897
9471
2029
4656
2131
7408
2008
9305
412
3294
5308
1586
7566
9632
8595
7504
2537
8770
5406
6191
970
8435
8941
2514
2154
1645
4959
6663
1802
5211
153
8494
1389
7078
5676
6140
9224
416
6882
4699
5653
8261
7737
2212
990
2142
9876
7024
7912
7272
4749
6059
6493
1109
2256
3034
7903
194
260
6751
1082
6360
731
6170
9689
4006
3053
4738
3452
5055
2831
6196
9064
3744
2473
9883
4768
8054
6313
1601
2067
7581
6386
3141
405
9595
9049
3774
1650
9406
5138
15
2800
2147
4933
2059
5013
3801
4487
426
4153
4277
3655
7821
3997
5112
6070
4831
9164
9854
2026
8764
1680
5080
2357
3350
393
2412
257
1189
8826
5642
5935
9007
8564
9779
3169
1434
5271
9222
5428
5053
3974
9403
7426
4621
6266
4179
1270
1927
8826
1167
945
8760
362
4368
4285
7237
1297
5375
2785
8921
4559
1711
2420
8153
4991
8224
1813
590
9769
6709
3674
7875
3339
9047
2647
2669
3081
7515
9330
7915
643
5681
4661
8398
5878
6495
8915
9995
1894
5438
7807
2703
3674
9636
3945
9283
7544
3121
3210
1312
7506
7453
4914
2787
8753
7426
7632
1828
5810
2598
466
6948
3118
9917
1805
2742
1230
7260
8111
1456
8110
6848
9699
6529
2386
7888
518
1637
6695
7408
2279
1943
9947
3560
7188
1094
1727
1589
1123
7451
1051
1662
1709
586
9763
457
2514
3415
809
6143
6089
4395
884
2221
9879
9879
9375
6925
1730
3560
4532
6852
8838
4620
9947
4653
6424
5972
2621
9718
8905
1450
9566
618
7981
5028
4635
7791
7356
1994
5936
1840
7721
693
7229
1469
2961
1560
4714
6418
5062
9108
8152
2821
2509
1430
7290
8500
8133
772
5108
8991
2730
1224
3507
4593
3784
1115
3405
1397
6707
4918
7626
9495
4694
2405
1939
2872
7834
5869
938
6950
346
4208
5194
9516
1654
6558
1456
389
8484
6254
635
487
317
7965
3024
3469
7047
9863
6753
7429
6910
5812
3823
6236
2121
3460
349
4775
2123
8126
4743
6627
2534
6660
4915
1199
5063
9676
8854
6520
462
5051
3962
885
1964
6659
4127
8037
2514
4159
8672
6566
279
395
9399
5639
1930
5193
2180
3888
2185
7442
5289
4464
1698
7210
8809
503
4104
8711
2819
7845
3241
4435
3162
8627
2861
7775
8055
8305
48
7067
6465
623
628
7108
3387
496
1169
9117
3854
6988
3119
1185
361
4229
3030
5704
7223
2892
579
920
3616
1765
45
4621
6850
3288
5241
5580
209
3497
2939
756
7980
3178
8814
951
50
5584
310
8616
3413
915
1523
516
206
3370
6841
4934
8274
3895
558
9046
5667
2126
1988
7698
6954
2812
72
5360
5683
7589
1289
7570
4377
7246
6125
2411
9509
3821
6640
8945
2209
3646
2735
4851
2001
1319
3028
6797
3396
7406
8851
4090
8631
1993
8068
7625
5946
6903
2593
659
968
2701
7555
7260
129
2067
5352
1304
7114
8416
2569
1072
3832
451
3593
1861
7081
3956
7679
3364
100
4619
6232
3611
785
6415
6870
8539
5147
6401
5710
4350
5013
5705
7617
4219
251
6321
3561
2935
2379
722
8391
5070
3492
4972
9674
1315
2014
6378
8162
4116
3674
5092
517
3426
107
1350
7634
4751
8116
4978
2133
6489
3700
2690
4171
246
304
448
1014
864
4512
9609
6755
8419
6941
5375
2521
7396
9224
127
2501
405
9951
1219
5492
374
7036
280
9184
6910
4494
9138
3311
1995
7068
654
568
6246
1927
3256
5016
2442
9647
7631
5428
3238
473
6502
7952
1921
9136
5964
9375
8222
3610
2686
908
2321
3404
7596
5464
8608
2768
5449
6660
5741
4853
6886
6978
6067
7304
6386
6071
8814
5314
3787
4532
1824
930
2184
3285
3890
8029
6634
1513
6504
7107
5855
788
920
7971
2441
8305
8076
898
8847
3868
1926
952
6819
9759
8196
1931
4308
6187
6612
4272
1828
7609
1113
8463
2925
9041
4398
183
1327
2299
3290
3442
6077
661
549
9194
2105
1893
8187
1228
4333
9823
7471
1724
7867
9320
8529
9081
4327
8875
9027
3442
9188
9484
7144
2073
6524
7244
7261
4039
149
7469
6797
1696
9840
9255
7680
2457
6931
2762
9220
1111
2505
3684
8623
7689
6664
6725
2067
8105
2116
3617
4739
1135
9746
1173
8901
231
847
6958
89
9428
6258
647
7113
1492
6464
6802
1504
7302
5407
873
3328
3978
6796
6116
7119
3528
6289
2621
6754
1667
641
6931
8989
3663
2134
6044
2777
3025
2125
4911
4279
8646
960
577
7269
2999
8101
573
5006
8507
5237
233
5606
8269
3471
3751
8487
6384
4573
1082
5173
208
8472
8538
2505
8731
8664
4281
7036
3855
6654
7638
6722
918
4774
50
9401
5232
9735
8274
2194
9471
8877
8276
3023
4041
1624
1957
3742
7561
7494
2994
1781
3015
7007
6893
2574
5433
864
2259
4581
8362
1866
4876
8096
9627
7435
3587
286
9447
9182
9111
5331
523
6927
9248
4419
9125
5953
374
5996
5292
8547
4366
3978
1616
480
7494
9205
3636
2246
404
8493
6569
6954
633
105
621
665
6988
2412
2980
2626
9333
3241
9989
7507
8054
4345
1897
1217
7377
5547
7503
2140
1862
8267
9156
4257
6267
1733
6289
2
2562
3723
741
5012
7653
8246
3908
2631
6709
7370
2016
779
2851
237
9288
5185
9182
3690
6814
544
4543
4784
9053
201
8961
8560
6554
2700
3414
7751
4346
3308
2165
5400
9221
6433
4648
3503
6425
7949
1557
8625
4978
2722
3387
7191
7833
977
544
6285
8875
7125
488
8822
8955
2802
9801
1714
8042
9608
3405
3107
150
5021
7767
3292
3665
4441
1833
651
2035
7683
5462
2584
9138
5901
627
7694
6434
2347
1332
7835
856
6986
2564
2099
3155
4767
868
8153
1165
7773
1144
208
5741
2747
5807
1806
9041
629
3698
2722
8763
417
7470
3064
2313
5061
5765
4667
2826
1512
2465
1451
4381
1750
1323
1775
60
136
1003
4012
8473
1123
1345
1414
88
7775
5076
7222
8094
6651
7929
2078
2632
2880
4518
217
94
5011
3191
6518
7209
1598
608
4886
1619
3105
9892
1571
2238
9397
2470
68
6905
9186
6383
6718
3550
610
6719
1534
9647
9765
3719
8260
2754
6550
3126
9906
4154
4461
4338
5446
1176
3255
4153
6067
2513
3875
6297
695
6418
9486
1581
8968
5634
8786
8441
528
4487
3738
2536
8603
300
7289
4531
2911
6241
2124
4933
9868
2243
6653
6605
1907
8782
5273
2772
2027
8624
8644
1136
7682
1791
9324
5303
3537
9918
2347
2904
9347
9884
561
1143
1400
5502
2145
7031
8693
1598
1210
9469
2478
9891
426
8898
150
2707
3966
2329
9974
982
5901
2674
3788
1710
1509
2958
8470
8324
661
2196
2400
6420
4766
4579
8603
5707
84
9385
8222
7024
169
1380
7520
401
2987
1623
2679
6400
9325
5503
1755
2238
4196
8982
6831
3685
6163
1752
5873
7196
9049
1940
1007
7703
5416
1702
7996
7454
9690
4034
8979
7647
4575
2131
2188
1462
8842
5621
8557
6396
557
95
9395
5581
2146
1334
113
3230
8780
5710
8023
1727
1197
2034
3671
9806
6329
2022
7540
588
7914
6618
8396
5524
3686
9378
5544
7465
5326
4308
9569
4463
3320
1793
4021
4749
3967
5272
3498
8945
5146
5048
6306
2116
9162
2804
992
4656
3304
4636
2602
2735
9006
7049
3232
6870
1508
7593
9596
7186
911
4300
4058
6529
5253
1405
6938
4021
9476
2309
2339
7428
4723
6797
2282
4643
6761
7155
1827
2181
3053
6528
4888
366
45
3975
2968
3133
195
6367
2689
9945
8597
8180
8625
987
3212
9323
6857
3757
1319
5461
1315
9441
3425
5879
2150
8901
8944
8423
7752
3701
7040
2569
4579
4962
9247
2011
6411
1618
4954
3181
8879
71
9752
5574
3661
4852
4965
6595
1595
7630
2210
9248
5060
7135
9147
6796
9519
2257
6265
4216
2438
233
409
4449
8197
6850
9356
46
5090
396
6369
635
1325
739
8576
9304
7815
373
8568
6620
1912
1551
460
1390
7531
7895
6233
4709
2637
927
6571
878
5046
9720
288
1742
2438
1366
4253
5704
9860
627
9775
913
595
2902
4869
9235
759
8421
7453
5151
439
8584
9980
9414
946
3264
5474
9898
4390
6136
3309
3488
8527
4267
253
4681
1406
9926
2344
2577
4298
8703
6958
6855
7435
9127
5728
8431
5956
7868
2572
5828
9984
1265
4748
8514
5777
1714
2416
2226
7845
7955
8297
5863
1322
8441
3096
314
3844
7259
5942
1297
8540
7945
8917
885
1690
8686
6615
1459
2359
6210
4094
4643
2460
979
4339
6456
6288
1414
6282
6679
5168
1464
5110
3323
8431
8202
825
808
368
1404
4655
8463
977
8600
5868
6082
3387
8003
3059
1625
8247
640
329
5475
5491
6886
1161
8672
533
9154
5512
8895
1472
7824
3996
9924
3109
1974
9129
8989
1771
5409
8156
3876
6562
7845
7244
2343
7188
5743
1725
6503
4621
5277
2646
4558
269
6992
454
7636
2059
9728
4995
4099
6508
1505
2499
1226
2404
9574
1214
4495
3485
3939
19
7145
198
4247
3387
7452
5165
6649
1035
9638
9040
1169
7790
474
6464
4315
290
4555
8200
9320
4369
2635
9133
294
8227
1524
8854
3281
8434
391
8349
6665
5582
3843
6118
4374
4930
9849
4031
8777
3319
3310
4553
1829
7255
2464
87
7950
1573
9372
4548
1041
1419
9967
1146
9748
7156
3851
8784
2303
6891
9325
3844
9339
1315
8285
9577
6186
3417
4790
7906
728
5431
4070
768
9392
8987
2120
7320
306
6343
768
3257
467
4217
9446
1756
8741
862
2744
2317
9
1907
9065
4857
5490
3756
750
4088
1804
9609
8186
2781
1645
8133
1672
2780
8458
2912
7849
8987
1565
8400
8927
1964
4566
1748
4010
9274
9456
5449
8704
5058
9462
2480
9730
8149
7493
7808
1325
1419
3043
3480
2766
4825
3984
3944
7370
5013
556
5408
7021
6090
5225
2680
1
9336
7235
2210
1713
2189
7389
8157
3742
1946
7886
2364
9330
655
5500
2903
3299
2665
4183
1455
1914
4845
6281
6519
9461
1845
1373
9298
1050
8730
3630
6952
7181
594
4833
3021
1268
6397
8581
9059
4137
5099
2201
3454
991
3952
208
2376
5928
8874
8129
4711
6902
1058
4849
2348
6673
6977
6293
3854
9241
9958
1362
9046
6861
3685
5112
3579
971
9665
2383
5521
9368
4269
9024
702
2962
7024
1159
1325
5508
423
248
8103
5818
3552
9312
7982
9238
9604
7628
5867
6018
9155
4624
9627
6935
5879
8289
4198
4237
4402
5923
8817
420
6393
3595
4436
3075
726
2908
1517
4303
8712
2836
166
4638
2590
9836
5573
1659
5476
7387
3043
925
4188
1853
496
4036
9936
8739
9941
6836
8727
7946
1977
9781
4967
6384
9736
9817
3322
6084
6480
6080
628
2350
9726
4457
3076
9903
2873
7178
8601
6202
2301
5857
6487
338
7980
6300
2409
4998
9551
7958
4329
6667
1939
1443
7278
2025
8130
4030
3254
1865
8110
576
6852
7709
982
1492
4555
9072
7698
2233
1244
2703
2545
600
3196
680
6774
598
5338
834
6526
844
8607
4686
165
9829
3335
4845
362
1672
831
4738
3904
1799
1856
9225
8422
9847
1211
4679
697
7537
9461
6916
3592
7288
3332
1255
4408
8076
7322
1408
8041
9390
834
2380
9257
1941
5241
3332
6392
8288
1008
2503
1420
9725
2831
4138
7446
7674
171
7373
8116
5306
331
5792
2776
410
551
981
8473
7540
754
1576
488
9843
2154
5132
9110
2441
5053
2903
2628
5614
1679
737
1051
8602
6297
4921
2670
9316
4900
8345
9036
6491
1958
5979
3882
7878
5916
396
7696
375
7977
7584
9475
9109
6654
2710
7988
5802
4155
8669
7462
6666
4308
3863
1557
5877
7031
5437
694
8703
1805
2100
8137
782
704
8286
1606
4419
5132
5043
2567
3933
3432
914
7058
8138
295
7123
1451
9696
9418
9903
2967
651
8840
1314
8995
6039
833
3711
1798
2113
1935
9220
7396
3833
6718
3216
8165
9883
4078
1011
245
8766
4279
7205
7277
1307
9212
1994
3427
3298
1506
8339
3197
3594
7091
8600
5019
6776
1758
229
8246
6483
8210
5299
2691
1109
1179
5433
2221
9236
7739
467
2418
2465
7005
9025
7852
5344
1414
419
3444
4522
9341
4339
1426
2176
2748
4547
9655
48
7655
2410
1518
1101
6493
4777
8896
2970
3517
2066
3352
8103
4043
8891
3606
1359
818
335
1256
9329
6780
2646
8326
5550
5632
3495
1836
9890
6908
8523
221
1015
7395
9059
9542
4838
1752
2636
322
5119
6956
4402
1420
8924
2789
9539
9465
7744
8719
5862
871
229
3671
5628
497
8999
1350
8325
6133
3659
3610
438
6871
7413
8107
6986
3927
9992
9133
8870
272
3694
5745
7889
4435
2026
1185
1748
2948
8188
7500
3423
4834
7366
4014
3468
7981
7293
4020
9975
2467
9986
3231
6286
892
1873
3479
8854
6567
8441
8417
5086
5956
6333
2388
440
7923
2859
1080
2629
9837
2459
2208
8832
7730
7946
2682
2510
1634
8824
6661
4821
2672
494
9090
2602
5332
4068
2686
9791
7504
4418
4031
3437
1877
9413
412
4126
8326
1989
8962
8143
1517
133
8916
6531
589
5994
6419
2411
2377
5183
3311
6165
563
1928
6380
931
7143
2406
5929
1854
5992
43
573
3850
8139
814
7138
7947
1299
5105
1494
9256
7741
1217
4720
3424
6429
1726
2144
8906
6728
540
9034
1473
9172
8920
7701
9968
3340
9567
7199
6794
8809
8092
4515
2333
446
7152
909
600
7250
7479
9981
3018
19
9992
7739
3341
1945
2173
8650
8276
9576
6725
5455
5136
747
2918
292
7881
1005
8662
1512
523
8105
2620
6970
2671
4566
3779
8326
4940
7499
2271
367
9789
3769
6706
7117
4276
8584
9489
2136
7343
7570
2611
6918
1243
1216
8794
8802
1686
8353
9845
2142
346
3554
1108
9226
262
1867
318
7013
3519
8118
3296
466
7703
1701
8647
3023
3916
1476
3712
8979
3477
4029
3037
1558
809
8491
1003
2518
6176
5361
6466
6151
4333
4043
8925
7210
9981
1013
2362
8385
5817
8859
1187
3809
978
4897
767
6649
6878
2196
7235
1890
5661
6800
4349
4072
9010
9700
1890
905
9454
5907
1686
6091
9183
9372
5484
1490
5545
7340
4239
9346
5475
8690
1697
3026
7142
4499
3361
210
1937
9840
7570
9294
2352
9333
1625
4644
718
5651
3383
2530
5705
3936
6329
3843
5749
1325
6396
44
6756
5176
9013
6129
5828
5795
8464
5390
1497
4485
1622
6947
3101
1648
7349
1487
853
675
1451
1712
502
1904
8066
8906
9656
6224
1027
6775
7353
3670
1316
8253
1189
2753
6787
7686
9909
342
7480
1116
2661
4430
7782
1123
3002
9612
1555
636
4548
2705
6377
279
1553
467
875
648
1043
2380
9611
3278
7010
6623
555
608
4196
5600
8099
9528
2140
3412
5395
9525
5329
6742
5577
8027
3969
9404
8597
4622
1830
4601
459
3599
5063
7029
6329
8550
3986
7610
186
5536
9129
4080
2314
1771
9978
4843
7755
5424
6643
835
2903
112
1974
6661
1943
1203
5257
1448
8163
7660
1634
9442
2027
8721
3617
2028
2374
8041
4846
9955
4056
1223
5044
7457
1609
9350
6046
4444
2068
165
2
4892
4125
4246
5611
2259
855
7986
8587
2616
3365
4143
7280
4836
2607
8180
3958
9585
6536
1963
6062
4752
9565
7336
8558
6314
4112
4522
4920
3961
3318
9568
4655
4312
5533
3470
8104
9976
9491
6736
4302
692
9667
5870
1560
9527
8001
8304
8062
5805
4232
7796
3386
4008
8257
3598
7628
4964
5079
1407
5201
5788
5289
473
1044
9806
8719
3969
1861
780
9297
4070
5210
3749
421
6514
3347
6788
7207
1983
6530
6007
461
427
3115
8722
8715
3519
7144
6933
421
1532
1568
9612
500
3511
1001
8533
4859
3799
4299
6775
7690
3164
1047
769
8562
7154
360
1025
3498
2055
5193
9190
8113
6617
4855
3800
2725
4403
1689
2198
5635
8298
3709
9024
2976
4803
8820
6871
5784
6727
1681
129
3590
2681
8478
9954
2147
9047
9792
9479
4417
7920
1275
6340
5194
3302
5993
4209
6341
1811
4471
4416
4106
9744
161
2146
2709
4260
4655
7643
8448
90
6351
8611
188
5078
1094
1486
9888
5321
449
3918
7942
5539
8929
4888
2065
2057
5526
4981
1588
2327
9467
7529
1567
4087
4466
5465
6731
5587
2193
2888
9385
6935
126
51
8341
1067
3879
6463
7313
975
4453
15
9087
823
7538
1482
9742
1866
1928
2283
9226
790
9276
859
1645
6950
9019
8301
2506
7975
5443
6632
3020
9415
9205
7883
1482
2382
2586
3499
605
9490
8932
6272
6069
9014
2342
4753
6057
818
822
4045
4286
1369
658
4013
315
3062
3985
2806
4538
4409
9180
6578
8896
2625
7564
8369
9009
7322
6054
4892
1070
5145
7092
5723
4144
837
3813
4247
9498
2713
4537
4866
538
951
8373
1974
8672
95
5614
1196
530
8896
6804
2414
1679
766
6956
3375
754
9669
8355
2153
4058
7933
5455
2534
1768
814
6584
4259
8136
3222
7016
1107
484
7449
3038
2784
165
4824
7929
6823
5227
6469
4179
7508
5615
982
7980
4827
1895
4232
489
3242
6650
2485
8317
939
1669
7257
2214
8302
7933
2658
5515
3030
5365
8102
501
9858
6130
4202
8267
7567
6573
3184
1330
9980
8377
6752
1780
255
5270
6842
4849
8102
4438
5306
8820
3537
2542
3966
1960
798
2735
3204
2298
8196
5157
103
8000
1364
255
5356
42
2444
6784
3352
7976
8863
1685
7268
45
18
7993
9892
9058
3127
9206
5844
7886
223
4588
8532
8469
924
438
5525
1246
6997
1339
2740
5241
7454
6883
1751
7216
7767
6812
7846
5230
707
3451
3596
5006
4540
5910
8493
2133
3924
2321
2650
6978
9263
9511
6803
2389
4304
7900
3853
5710
2658
6897
5252
6087
9192
7176
7026
1525
982
808
257
9434
2977
8403
8669
7743
8148
6374
4318
2785
5317
7504
1685
6409
6216
4983
8420
7456
5779
3256
5363
3426
9537
3549
3440
1331
6858
180
4998
783
1298
5501
3506
8326
7889
9156
1138
4345
4164
2704
7294
3886
5811
9131
9084
8730
5010
180
4047
5407
9403
833
9103
9907
6523
8984
6895
1459
8252
2832
8587
3352
4596
5283
8768
9338
5804
7911
3217
4210
2579
2494
8374
772
5892
3930
88
877
5173
8549
5371
2137
5681
9008
1531
8440
873
2394
7930
1121
6550
8884
888
3672
8515
1586
2708
6829
136
292
5602
5589
5145
6534
2302
172
8033
981
5648
9258
761
1203
2337
470
1566
9581
6508
1161
2674
7243
952
1893
2449
2743
2405
3957
4598
9042
1317
2086
6911
8739
5326
1735
7519
5425
2077
1277
8386
7252
285
1898
9734
1830
5912
159
1529
3936
2541
751
9309
194
7554
5046
5859
6707
2748
2505
8919
9322
8845
560
5208
3580
9597
6450
2651
199
8956
7439
2320
2062
4230
7364
4581
7318
3625
5115
5417
1344
5539
7665
2068
2185
4192
1548
4837
7118
1698
2620
3149
68
2257
160
2250
3030
262
5149
6326
3392
3522
8939
1649
9852
9588
2001
8924
3291
5723
1714
3368
663
3289
1207
2302
118
41
991
496
3745
9218
6452
95
4886
3387
5728
15
2122
9346
8256
2696
1811
9080
2984
175
182
3103
5463
3684
2412
1783
493
6429
4171
3749
8458
5891
5170
2533
8200
6554
1476
4370
6699
4327
7193
6787
3496
1390
2081
7976
9508
5978
8234
5493
9246
3680
500
1694
6256
8150
5011
6869
1682
7631
965
9519
9808
5386
4485
1197
2158
9789
2015
3626
9368
1548
836
8032
2158
6783
2640
7457
5952
3218
4171
8114
6022
6094
5069
6922
7892
8904
1222
4300
9676
3688
5261
7840
6196
7869
3942
5513
8777
7888
489
3635
1012
294
1169
3723
4572
282
5266
3732
5180
7066
5407
6087
4071
6096
8811
4986
9961
3668
7150
9492
8560
8831
9162
3360
1867
6019
3695
1520
897
4986
1611
149
8726
6397
5046
4252
6057
5191
5470
154
8097
3000
926
2347
3849
1581
1764
3959
7065
4688
403
5047
6584
8204
2662
5366
9919
8117
2630
6283
8287
7205
2446
1863
2918
6825
8060
8266
558
1262
6651
4714
8918
6566
1215
5319
4437
6895
9089
7624
8188
8118
1788
2890
1691
6167
9799
3323
151
5273
68
2354
411
2648
6247
9345
2844
1378
75
8205
17
7463
7330
46
2403
1674
3804
9986
146
5597
2762
8870
4552
4636
4691
5976
8754
9065
806
5799
2283
8664
673
1612
3659
331
4785
7805
7233
4385
1387
1998
9468
4746
8379
6187
6625
5070
9419
4053
9448
463
8183
5225
695
524
7390
5511
9571
6920
2731
4304
5508
7834
9540
1425
8585
1254
8787
2624
9196
4076
6564
6901
4711
511
8558
587
7431
793
4757
7319
7743
7949
3103
7160
0
429
7974
959
2872
1741
509
9457
5097
2392
503
7418
2668
2865
5796
3829
4085
8748
4445
121
2937
5839
6210
2566
2285
6787
3554
2305
128
2031
7627
4252
3628
6295
499
1113
4313
1984
1430
2048
2403
2008
8896
4543
3085
132
8477
3314
8869
9530
9839
3731
8266
9328
3105
4387
891
5524
5514
5322
322
2061
9747
3484
514
5666
7756
253
6476
858
6204
7510
3784
259
1560
471
6706
631
7382
5919
2755
7612
754
6987
8978
7723
7825
4651
1802
7844
1844
939
2814
447
9807
2017
8442
8918
6811
914
1643
6945
6824
8682
1682
8018
1303
2203
1797
4995
5415
5589
6567
2556
7774
5704
8586
8057
6843
7670
1345
4651
2490
7516
714
510
3271
6114
5740
4795
7926
2193
6254
9119
8706
276
1849
3452
7973
6691
9086
4766
600
6444
8906
6752
9147
2258
1993
2736
8983
6859
9161
2449
6130
7204
1297
2016
723
4984
1281
6569
8406
8673
3675
2698
9618
2718
3347
8632
1849
2981
692
705
8848
7243
6147
2658
160
8978
1031
4458
956
5810
969
7806
2949
4876
9832
3950
634
9706
4480
8648
5987
1499
9740
3916
2447
9998
250
5696
7485
2844
1199
21
120
1387
6282
1097
4839
288
9997
4062
4596
7221
3033
8426
1866
1963
7449
49
8293
8769
6370
5505
8213
70
8905
6524
2435
6284
5477
4075
8167
4606
6583
7440
6105
2451
2312
2957
3174
563
1810
2675
1317
9497
6625
9310
3307
922
507
4959
9644
2533
7453
4442
3059
4811
856
7954
5476
8689
2493
7105
1456
4852
821
5836
7000
5884
548
1957
2198
3508
4622
4035
424
152
7402
8288
894
5232
6758
5314
5751
1533
7083
8364
5542
7170
9443
4853
7051
661
8073
5418
5343
8421
976
2831
6432
4541
3382
187
6606
1082
745
7701
1877
4106
491
8794
8060
6630
3650
6961
29
6482
7924
240
9415
6850
2673
3087
4992
5823
6769
9709
7630
9482
2112
9731
376
5919
982
4262
3672
6270
6652
8609
6916
3687
5404
9858
8669
644
1096
2195
8248
1659
414
1404
1628
115
8251
4967
554
5207
9213
1813
6547
2154
685
7055
9927
4922
6829
4702
1098
311
1278
6447
204
5862
3894
7810
857
1057
4864
2530
6830
9825
3843
6026
3405
8719
3576
7557
1811
1719
9350
3623
7368
9886
5616
74
1302
1093
482
6556
3629
1006
4952
4583
4295
5007
3792
112
1496
2677
8720
5925
1784
75
2507
2801
244
971
208
6065
4721
8436
8899
9868
1331
4381
4449
4974
5837
4153
6510
6006
9209
4411
3233
3905
1323
7371
9010
1526
1729
4106
7826
2324
9774
7218
4012
7096
8071
674
9403
452
365
313
2893
8108
1181
5600
2726
2690
7220
2925
8327
3765
7286
2069
3073
677
3009
9378
1237
9643
3133
4965
4269
8119
4280
2398
4816
8809
7087
2650
3810
2660
9407
2476
5210
1503
2861
63
4617
2302
7026
6410
4360
1681
1580
4853
8352
4220
7265
2091
9935
3191
1557
369
9834
8918
6669
6934
6382
3435
1764
8283
8540
2778
5935
1925
1973
6046
4893
2545
3985
3178
6417
1015
4646
4435
6242
1890
2647
9228
8818
1215
8955
8193
7118
4756
3232
9545
8966
9555
3487
2070
7006
7214
8401
8414
3620
5837
8147
7791
3459
6078
4390
8366
4439
2253
4235
4001
8001
565
925
5150
286
2629
1614
739
3139
5286
103
8504
7243
860
4218
5874
4757
4571
6826
857
1255
3260
6478
1164
1784
7488
3553
7363
797
1348
4254
3493
8482
2053
8922
651
3867
1318
82
820
4443
2912
247
6283
8228
4394
2743
1607
160
4809
9710
6145
9985
649
8557
3419
6292
4620
8889
1647
6475
8627
839
3317
1882
8555
2695
8073
7954
5210
2606
5724
7357
5146
3161
5354
6537
36
8238
8861
8169
7873
2645
8464
8839
4637
8216
1878
7679
3581
1975
6379
8648
9058
4511
2251
5604
7759
6299
7282
2219
1336
9675
36
4178
2219
8036
1870
3602
3379
8728
60
1398
7498
2616
6748
1972
8191
903
6691
8144
7033
1313
1471
6846
555
8028
6365
5783
9448
7950
3516
6989
2440
7855
5010
1474
8156
8224
1197
4278
9118
7244
460
2272
8445
9070
9151
8655
9992
9843
9148
5856
360
7874
7748
179
131
7465
101
58
590
5561
5073
482
4835
2564
6431
1781
772
4006
5153
7470
6590
2899
3685
3646
961
5615
272
7743
7823
8804
7832
7720
8275
4015
784
5648
2213
4971
3498
342
251
8435
5624
496
545
1458
2915
9138
3372
5357
304
8274
843
883
656
5418
1855
20
6694
5981
9645
7632
1391
4910
978
1793
5373
8141
4166
6012
1124
8979
5748
5572
3593
2720
697
1040
4215
6323
5819
6413
6900
8602
492
4167
659
6218
1727
5284
3147
769
5290
9489
2377
4570
2460
2961
7217
2130
9697
1059
1451
2585
9892
8436
6620
2426
2132
5590
1841
7614
3466
8239
1635
5485
2634
6260
280
647
1128
5799
7414
787
7533
2542
5102
2582
7738
663
9542
9974
2684
6665
247
2047
2049
9884
1560
8310
2489
5468
3979
6028
993
1594
3191
6613
7932
6756
4469
4809
5475
2885
2655
3675
8255
1040
5014
9096
7315
505
3715
9154
1647
5461
6112
1454
2611
9699
6183
5883
657
1579
571
3317
3031
6934
2231
6488
2763
3021
1012
6312
7367
7559
2318
1120
9511
5310
393
234
8256
9489
1392
6735
5284
5087
6014
9167
227
7362
3009
8546
1860
5370
5467
2736
3540
3340
7563
271
2606
1274
523
8731
1501
7764
5227
5467
2462
3456
9583
6386
8648
9846
2372
434
1392
2031
1449
3976
1801
9280
6540
4820
1497
1601
4274
3511
4738
7891
8282
5474
350
2736
6452
2684
5292
8373
7726
1412
3979
6894
6528
8376
4836
5201
8441
7558
7950
558
585
17
3564
8789
2193
8343
6841
1112
6503
1904
7094
3523
1630
4729
1827
7481
7846
6449
2717
8417
5376
6003
39
353
8004
6838
6956
6105
6134
8834
339
5475
583
3556
7236
3385
4600
2339
8107
2520
8964
1844
7643
8404
6830
5787
1972
589
1049
883
6007
9392
7415
9712
6793
3568
6388
5603
631
5574
131
6269
5818
3206
5273
6199
2795
3029
377
3458
1848
4984
6832
9835
8903
4863
7858
8753
362
5986
6309
4506
1187
6954
2300
7058
9498
659
4118
6
814
5248
7097
832
1817
9648
248
9988
9542
4608
5357
5162
3095
6513
2579
5580
7186
4923
6835
1619
3980
5378
8401
8414
9769
920
7704
3219
9122
755
6468
9656
5176
2000
8446
7539
4872
2312
5005
8465
6736
3634
9050
8805
449
7354
4277
7521
9829
4769
3399
1961
9987
3780
471
1366
7056
9105
513
8489
2968
3527
9844
4593
7950
6861
3739
9294
7232
9254
3566
6678
5727
6388
2954
857
2685
2139
8366
8368
2424
279
8103
779
7414
2289
2959
9163
4913
2413
6833
2749
4053
7495
2416
1896
1623
7792
56
6889
7481
6307
8325
5645
3355
2237
7779
2910
8756
7740
8582
4034
7122
1495
3483
5889
2702
4239
7439
6341
5155
6981
6446
6534
1728
3420
3486
4615
9708
6911
8158
699
7146
2614
4505
653
4717
8549
7919
1678
9486
7110
4261
7471
1563
5385
1292
226
6930
120
2784
636
8927
5872
6658
9966
5522
3677
7960
68
6741
1572
5251
8989
2396
6167
161
5725
8701
6853
9749
687
3106
3744
340
7599
4413
1379
9728
151
8587
7124
6234
2360
5628
6310
148
3819
2371
1186
5269
1544
1049
519
528
5144
8502
9967
8951
854
7986
68
8860
2427
9721
9987
9049
9306
894
3071
8977
3304
8033
4058
7862
6720
5683
7984
2651
8455
3849
3876
8749
8299
9216
6654
2398
7665
6449
325
1826
7536
3509
9114
7294
664
2378
421
3757
4519
1718
8213
2901
3517
1339
274
5034
1502
540
1972
8049
9352
6175
1289
3496
6629
6083
8115
8484
1875
9092
9633
874
1539
4461
768
6306
9823
5998
8480
5129
8367
8622
7019
4582
4205
8146
2900
3487
4920
2670
1821
9437
9878
2971
748
8510
1566
282
4430
7321
2053
1160
8059
5479
1830
3827
7037
6368
2215
140
5372
2195
3018
7133
1099
1851
1138
1037
681
7326
9463
2802
2464
1895
5755
5270
114
2855
1341
7005
4821
2199
3758
325
9084
3393
8883
8383
4089
4400
9738
1773
1151
1285
1072
1037
7293
683
738
5
4600
2413
3587
8223
8535
2487
7821
8743
3333
5659
1227
1394
5442
5621
3207
8898
9499
2432
4672
7624
5020
6538
9406
5273
8115
2629
2169
675
1063
4576
1782
6913
4489
5750
2787
1710
1593
3653
9270
935
2124
1650
2464
7924
6604
6539
1736
8296
6641
3244
9910
3142
2623
8134
3356
9655
2944
5453
4684
9113
7571
705
2630
1034
7956
9936
5760
2598
5663
889
1180
9565
4287
1156
7796
6553
1084
3121
5801
5646
3925
2078
4044
6482
3849
988
1612
1343
1788
2884
2962
3207
4440
5462
5066
9048
5922
2099
2707
2944
6159
7836
2519
9762
8167
7337
5935
3801
3049
7215
4209
4413
2543
780
796
8516
2578
1652
6550
8635
5185
882
2851
6372
687
1687
7689
2274
5387
3270
2562
4131
2659
2884
6305
8526
2651
3418
9864
1677
1899
8189
890
1004
6999
1263
4317
2835
2387
4823
2898
0
5910
2703
1703
4745
5022
9740
9756
3905
1125
9011
5766
3032
9971
874
1745
3032
2708
989
8537
5981
2890
6323
4890
9236
2342
8272
8566
5128
1011
2715
503
8553
2820
2738
2838
1022
3088
2589
107
76
8458
3249
1494
311
7062
3095
4862
2328
3848
8940
5176
3536
2047
1113
378
9261
2467
2149
704
1034
1419
8458
2638
2044
850
5445
3847
3386
4682
9026
1006
8796
1553
2744
7660
423
4292
49
2337
2871
2129
4525
6206
2191
8481
6807
3874
4174
9046
3304
9395
2754
9665
2698
1087
2865
9944
2576
8292
2117
9302
3220
5997
8248
2355
7088
3678
7777
21
4226
7666
1293
9687
7834
5090
8050
6537
5797
2553
4479
1528
511
4806
3512
2575
6997
9362
9121
3358
2553
1235
1913
6139
1321
2048
2953
3350
8705
7701
8876
1234
1792
7769
561
896
1785
1262
1007
253
764
409
2554
5440
2612
307
7555
2829
2129
2255
9716
5965
2793
9245
2331
8545
4234
4014
5910
3108
5620
9385
8481
4609
901
9149
6588
7286
9364
120
1985
5063
2530
2088
8180
5158
4046
1840
4620
3873
3624
7981
2033
2108
7384
2089
1190
6801
1008
3568
9224
741
3151
4354
9607
6525
6152
3432
2694
2624
1922
4105
2926
6095
3905
7359
8552
4530
2085
7478
1002
2245
5153
4341
9792
2212
2174
6577
9023
882
8209
270
6871
1440
523
9735
6295
4747
8592
128
1302
1223
6411
1625
1263
2635
2447
2806
2731
9021
1296
637
4022
9712
7907
7024
2427
8315
6916
2715
5697
2156
6087
6032
8538
2637
1489
4161
6377
2277
1255
8334
548
9010
1543
7056
3755
6437
1094
8437
9960
4639
2921
7933
2023
2203
6760
4067
8472
9163
5888
321
9330
9992
1337
6189
250
612
8167
2232
5940
738
9156
2266
2137
6921
5470
1814
2651
3413
3068
3843
4117
5166
9959
4717
8838
8109
5799
8633
3871
7884
1740
4105
9066
6845
2638
7359
3742
7726
9975
2820
4865
4219
2687
9563
6253
6436
5336
3282
3990
9169
2507
6505
3722
468
1010
7847
4858
4446
1096
1769
9209
2612
9950
1355
7842
3171
656
2348
7087
1346
231
765
1287
3735
8064
1915
9415
7884
9421
7581
2069
7939
1066
6256
4705
952
5810
145
1500
694
9635
4106
5245
7565
8832
2561
1314
6355
4198
3549
1300
2152
4017
2411
7135
7230
4111
8896
8320
9368
8837
2335
2207
4722
5777
8045
7631
3106
5856
1476
5668
6030
5920
6933
7380
7502
2297
2481
7233
2403
2360
8474
9270
9673
7548
2837
9824
6808
7172
5203
4303
2305
7528
6672
3517
375
1192
1947
478
1195
3778
4904
825
1021
2600
8354
118
496
1552
9077
3304
2558
2382
9755
1293
5675
9871
8628
3331
4270
39
6188
8877
8653
9502
152
6135
5449
1079
5921
8630
2794
2273
7764
8692
3164
2609
7129
3674
7930
6175
1811
6558
2217
6256
2375
5072
777
7332
2336
2656
1111
4721
1250
2658
6454
9904
7678
5684
5728
118
4742
6575
6024
2406
594
4780
5185
7028
4369
137
8964
1341
7188
2284
3710
2422
1975
184
6136
178
8017
5518
220
9672
447
6437
4292
8404
6284
4348
84
509
6611
4512
5083
5303
3736
90
8438
1690
9076
6234
6071
9522
2143
4026
9060
5768
1011
9148
6226
417
1231
4501
6947
2566
6185
5646
8526
5812
8344
5337
926
8132
6544
8977
4717
2157
5199
4949
3971
8873
9832
6102
7801
1558
654
1887
4451
5934
2595
821
3294
3961
9041
9374
806
289
1529
359
4364
230
3899
7345
981
5315
213
9451
214
9761
2799
9638
2526
4538
5878
8517
3253
1121
7127
8691
2996
3472
2191
9770
8437
4018
1712
9233
1005
6178
6359
3589
4790
8132
2796
5628
978
3603
8410
7286
172
3274
7551
3764
1777
4934
3270
9662
2064
1947
3011
6591
270
919
383
6900
525
6628
1013
1429
910
2786
1211
4691
6100
6052
5317
3699
1339
9290
8742
4009
3737
7919
4745
5193
3556
1684
1488
361
4420
3372
1258
5995
474
25
106
8826
8977
6199
2981
4339
819
7416
6205
3191
7903
3360
6012
8861
5578
9585
9474
3021
8900
8986
5635
5578
6621
1163
6827
8847
9352
333
5252
2798
3038
1760
7721
8501
2054
4436
9627
7363
3491
2747
9348
8793
3119
7791
938
1139
743
3681
6759
2361
8662
130
2982
9297
2198
1733
9008
760
900
7828
8184
2225
8788
770
868
4589
3030
4177
1694
924
311
1749
1001
7538
2442
4377
2119
2653
2504
7216
3562
3014
9334
2303
8282
2822
135
2665
1799
843
1953
3690
6448
4988
1012
3689
3379
4857
1256
2791
1429
3702
662
1069
2180
8409
9882
9286
3083
1010
695
7816
6278
7835
540
361
7303
2576
8278
5215
2392
9553
406
4120
7938
5590
7156
6363
8669
1714
6628
6015
5353
3706
2552
3803
717
5032
5526
446
6094
2075
380
6784
5346
1553
5217
3688
6244
7080
3101
2623
7563
6450
235
5380
2055
9559
8830
1090
2508
3279
5123
5183
7650
1664
918
5031
2331
8436
7
2457
4919
5503
8013
7407
4629
9072
9611
4500
1115
4806
771
6273
4743
5733
5961
6568
4167
7912
105
9381
1318
1241
492
1697
5080
9327
5926
9049
632
1528
1731
1679
2063
4743
2516
9423
344
2703
4981
6149
8354
3553
4385
7837
8182
4546
951
9610
3913
8225
1982
9196
1108
231
7031
9788
4834
2240
9139
3833
1578
7385
7957
8376
8766
1499
1432
4551
3827
9399
1428
9283
1442
9377
9501
9899
14
9138
813
2036
6903
9097
6852
478
5774
2290
7885
9287
1146
9738
6274
9343
714
962
946
108
5004
2962
306
5423
8766
751
2370
150
2595
6591
7537
7027
264
5933
4
6973
7479
7385
2339
2389
1564
8562
3972
2860
1446
6646
5517
1987
7008
7385
4580
4499
5025
1188
3305
2191
1200
2992
6230
5062
7228
531
7909
237
1308
5994
755
7613
4258
968
7460
5000
2613
3134
6759
6002
4671
8812
1979
158
9012
3654
7746
310
9044
2650
4293
8687
3363
2529
3048
1468
7799
5860
1424
2530
641
5026
1378
7212
1824
4287
925
5903
2642
4735
6555
7041
1261
8643
7700
5926
7629
6946
2644
9131
6014
5916
6830
7959
8765
7643
5105
1342
2730
7195
8586
7816
5345
8908
729
162
9033
1734
5608
3603
6027
1196
8682
2673
3159
4035
6113
3348
7188
6309
2019
9852
9160
7809
8637
6735
1575
6790
3528
5030
1950
5712
6827
4760
5922
2625
977
8151
7940
9796
4077
1354
6728
6062
4539
1354
5511
6677
8649
2929
8834
8198
4694
6959
7671
3410
7129
2031
1081
297
2757
5706
4123
3610
7740
1243
2461
4104
4833
1235
2106
7681
1363
8861
6593
1980
6071
980
499
9281
2596
7155
8828
3710
2805
3310
9478
4358
1115
3472
1690
8668
2241
2148
6649
1345
5380
8823
170
378
8322
9534
9364
1158
5586
9508
2590
1775
8533
1207
740
46
3243
9428
1325
6884
6265
9055
6780
7782
4633
6504
164
1512
275
427
8431
3166
5195
1046
9376
1423
8011
6000
3511
7019
8402
1432
4038
142
7725
7291
1426
6501
1733
667
8364
8097
5529
2716
7744
1834
5885
9184
1149
1381
2931
4982
9878
1577
5098
7903
2761
9086
1012
9185
7086
4775
7324
9215
2610
1954
5527
89
5413
1662
7210
5471
6032
7900
2669
108
9275
8457
7231
7089
6110
2699
2362
3087
1830
2873
7159
1369
3659
9856
6053
474
6896
6035
9559
6659
3402
1187
1596
3287
2596
9568
7443
4890
3842
4254
1997
8183
2549
619
725
5009
2703
64
1262
4845
471
4375
381
4334
4991
396
1335
6849
180
5126
2011
1242
8326
296
8899
6174
8841
8051
2663
1955
3658
9759
1138
1189
4710
2314
8121
8650
8168
7183
106
3192
4113
1658
3457
4437
4797
2011
9441
2591
6755
169
8513
5198
4413
2538
3716
2567
1514
5968
7262
6146
2464
1654
9332
8974
1637
5787
2563
8467
9328
702
3747
6664
3644
8555
2013
1302
9005
5108
2427
349
6869
3076
7056
4438
6585
9648
2872
2952
3952
431
5328
8927
9596
4588
8057
4218
6252
4313
6889
4131
3664
6373
3747
1093
5919
993
296
9929
5894
8576
3966
8369
2274
1246
5328
6857
4880
2467
2038
2347
6530
6807
5110
5442
2277
7848
2107
5201
1905
4953
3637
6228
1009
2894
6049
6215
6531
2085
6091
8374
6098
7639
8273
2197
3458
8640
7945
9569
8923
6474
6358
8598
2826
2561
7319
2819
84
899
5121
3035
6221
3030
2270
2861
1849
830
1606
6294
9808
4271
269
2837
8135
7696
108
208
7948
4705
6452
597
1762
94
2593
7923
686
2340
4060
4634
7713
9540
5747
8896
5560
7654
6413
5814
720
8159
4680
3962
1582
1014
6166
4270
5646
6020
4776
4681
937
5450
6553
5485
493
855
814
6601
1160
121
9899
911
7748
8052
5946
2328
5018
8961
6617
6087
2816
7497
5617
9148
6420
4035
4046
7306
4622
2826
3660
2426
7425
9602
9182
689
2867
9228
3333
6512
2334
8136
8031
6427
2357
7050
3757
172
3962
2577
3130
1128
1215
6100
5305
2914
396
6077
3870
5791
8945
4666
8688
3082
5612
7986
3901
185
4525
2022
9614
2368
8264
2408
9645
9636
8827
7327
7765
402
7729
7915
3128
369
8582
1399
2406
6390
5548
909
6989
8326
4845
3806
2332
1889
7970
1377
9965
8861
7923
8988
5826
1713
1744
4449
4559
5443
5104
4315
4328
8292
391
953
716
9690
9933
5466
4434
3534
957
6090
7219
1656
908
4380
377
2455
5707
9880
9094
8053
6173
4519
9752
7691
7069
5101
5052
3505
8714
853
8656
1944
4756
387
4157
4188
3708
2246
6677
1140
3367
4669
2537
43
3604
2396
4686
2916
5998
9087
1633
6618
4739
7646
9721
742
38
5153
7564
7156
2306
1654
6500
600
672
1473
4179
5405
5163
5859
7733
1598
2098
6254
614
1433
7293
4039
4900
2544
292
8381
389
7090
4205
7578
4604
9674
2420
4728
8232
1718
3647
4373
1389
795
8419
7722
8439
6870
209
5064
9516
134
6901
5940
3282
2984
3153
5669
1202
7907
8773
5403
2331
5686
274
2626
6585
8895
7487
4967
7351
6190
5627
8539
162
1896
2548
3670
3216
8560
1576
6030
1714
2035
1801
5383
2070
1074
3014
9981
7088
3942
361
4352
9657
6143
1003
1279
1160
109
7246
9737
7681
1555
6252
5551
1275
8873
9116
4878
2791
6897
8182
9564
5629
3724
9559
4497
2665
8526
1062
9848
4902
5647
9943
4917
425
3107
2336
9433
4370
3389
5211
4996
606
5247
5884
9754
2657
2293
147
7930
2834
291
227
1115
2039
6155
1668
1447
3219
148
6599
8317
1997
3623
9449
577
5155
3212
5337
4855
2798
1637
860
6656
2743
3913
1
7364
8315
7252
1937
3201
8715
3596
1337
770
6103
1415
1131
964
3276
4428
4050
309
6268
8535
6773
301
4061
2305
653
2722
9108
7823
714
2726
2099
6185
4739
2004
8337
5518
1213
6556
7193
886
255
1562
5222
8888
9683
6030
2077
1838
2958
5383
4459
2181
8548
5153
1521
2681
9590
5617
3741
513
1725
1166
1915
4375
3052
1939
3355
619
7281
7650
3029
2680
8076
5627
5643
3558
7795
7885
8557
2066
5221
508
3859
8123
141
3380
8838
5854
3034
765
5984
6645
5117
9263
1286
11
8546
5608
4546
9987
7107
9932
6838
1481
8249
5276
4158
6009
4676
1562
3045
1248
621
60
9531
3824
3962
5327
4245
2551
2530
29
133
4913
3618
2562
7308
3837
1647
3324
3629
46
7468
2337
4468
6243
9342
4694
871
6889
3806
3117
1100
1968
8527
3054
2619
6811
5618
6825
5669
7180
6438
5450
3797
7919
8691
4862
5701
3045
6201
38
1173
9428
5572
7594
3160
2365
579
8240
895
2447
4633
9629
6906
1562
8963
3146
7579
4678
6684
4731
5198
1669
3774
940
3431
8326
537
3756
4650
9579
5641
8111
9984
222
2898
9455
2617
9999
767
2147
957
4529
8109
9202
4343
8278
4305
4169
6644
616
8545
2460
7384
6090
8673
7818
499
1630
5324
7860
6498
6296
8518
79
7256
6722
5200
2695
6703
7441
1068
54
5561
2280
1153
8198
2524
2348
2049
9059
5358
6185
5785
3381
5404
8035
4856
2044
2545
6158
3492
4045
6054
802
1274
7581
9653
2217
8660
3115
6210
3275
6064
3010
9756
3213
4958
6766
3648
3221
2042
3696
5343
241
1723
189
4897
8776
6699
6988
4890
5840
9753
5743
9516
1618
2699
2433
8221
1132
6503
7538
1627
6997
4388
9471
7437
7670
9452
6085
7915
9559
2021
8598
6001
4472
6721
9373
1200
6033
930
3423
1701
7435
6482
9108
14
2017
6706
1092
3482
721
7921
1045
4833
4552
8096
9764
4740
6061
3299
5585
9686
3708
2074
3392
2811
8934
8801
7373
3808
2278
3861
6768
2155
7768
3096
9617
3140
1717
9559
7422
340
5538
842
2507
2940
9402
8827
1625
9418
4392
1131
8490
248
2762
4641
644
9030
3747
8564
2724
6377
896
2460
4309
1507
2029
3283
8241
5876
6888
5410
9926
1473
1270
7465
9053
4453
5924
6111
7431
4230
7041
7387
6281
5049
267
5586
330
3992
1863
7042
6683
5027
2789
1582
6278
8325
8243
8395
9737
440
8448
762
1749
4571
6436
3192
4370
339
7711
9058
6966
784
2911
4173
4230
2002
678
7588
8764
7579
4602
9539
4297
39
9775
132
4780
1721
1730
2360
7124
4903
999
9
6211
8938
6854
3229
403
191
337
7437
189
8465
2042
3399
8632
5946
8738
1217
735
215
581
95
4407
1388
116
438
6559
1352
1714
6770
4440
2570
2820
7125
5735
1652
6707
449
1816
6063
5828
3368
3397
7200
9002
178
4040
3113
105
9391
7374
5635
4014
8717
4108
3210
2366
9948
8534
2953
9180
256
2285
3672
2479
6743
5689
5875
3011
4764
904
2477
2654
1323
8598
2997
2262
1125
6029
2200
2418
150
7214
3655
4718
2454
8753
6570
451
157
2266
2804
9014
2955
1213
2601
3920
3079
3314
2542
2846
4821
1612
9808
8505
6429
6903
2408
360
1594
3968
8829
9765
9424
1738
9099
2574
4322
254
2227
5821
1523
8418
4962
634
8203
6637
3446
1375
1004
3258
5902
4428
8006
8283
6433
3052
631
9600
5298
6359
1207
8249
19
5450
5492
8760
5640
5828
3305
1546
637
3603
8548
6135
2330
7358
840
3927
4453
9988
2208
7576
3513
501
437
9678
9351
2415
6530
9850
4842
2764
5557
1983
783
9225
8985
9040
7492
26
5426
5517
880
8141
6393
896
8356
1500
9977
5011
3569
4119
9033
7429
3482
2177
2507
3885
5258
9161
9076
989
9225
8301
8972
3146
1995
58
1192
2443
3882
6311
9911
2689
7269
2994
9802
5590
4265
4811
696
73
5663
112
3408
9688
7222
6168
5040
15
3315
5076
1109
8224
8245
1139
4516
9667
6990
1669
2985
4545
8415
1427
7486
763
8275
8172
4175
3281
7360
803
6811
7551
2537
7991
685
7562
9463
3715
8667
2668
4072
1159
2287
4172
9481
1206
2293
3266
8800
3155
356
25
9709
7717
3152
4006
9299
8434
7263
1672
1025
1355
875
5216
150
2532
3031
9971
5476
9960
9990
8541
7780
394
5688
1625
1050
6799
70
9454
1850
6666
9952
8204
4155
2055
2341
472
2668
6684
9171
7571
884
8413
2480
6322
9694
9424
7736
4938
1077
7344
1575
1514
8844
3909
3977
5246
4386
9044
960
2000
5795
2499
2471
8577
2530
9680
293
3705
406
3347
5123
732
1410
2288
4417
2382
986
6337
9974
7895
931
1140
263
2026
1370
5889
4938
4339
7000
4671
2971
2927
6148
5703
9263
5281
7849
4200
8215
1042
8697
2525
8231
8312
386
3356
8216
4235
3537
2929
42
1684
1941
4986
4398
9846
9157
3124
7011
5617
4180
7702
1151
3588
6419
2236
2337
7092
9208
6519
517
8075
654
307
1191
6578
605
7593
9675
2673
9323
2534
7820
1014
2627
2588
2756
9157
4629
5463
2684
432
4527
531
9284
8055
8746
2812
4981
193
3479
373
1413
6955
1852
6461
123
4736
9242
1039
563
586
8945
474
3844
776
6518
3249
3920
1776
979
899
7868
3079
7183
1148
9889
4191
497
7357
6675
5408
9151
7867
5552
5323
6491
2740
7962
1098
2945
8103
6920
812
5466
2979
1002
3263
3221
3568
2444
6703
1718
9406
8061
4191
7375
4843
6992
885
430
6713
9250
970
9719
8399
7389
1842
1236
110
2765
6921
7210
487
7986
8287
8878
3803
4533
2646
5656
1283
8846
2265
3894
177
6645
4575
868
2503
3351
816
7003
2007
1355
9751
9224
2506
4582
1737
5214
3221
7708
5333
8078
8264
7272
668
3334
377
334
499
4519
4193
7919
5046
3180
8853
2124
2448
1208
3384
463
2153
2831
9743
7830
2030
7784
8021
753
2951
641
8703
6623
1333
2132
1571
7028
9403
5449
9349
8349
270
9355
2930
3191
2656
9407
3057
5356
665
3554
1270
8559
6855
2995
1176
331
5496
8833
8374
2103
2757
3270
2406
2925
8402
4804
6142
8236
6963
5999
9351
7482
1121
1947
3726
9693
6492
7639
4092
9548
6723
5307
1081
2145
7907
6734
2316
8402
6941
3579
7062
6960
3915
1940
6625
2384
819
6535
3315
3385
6844
9920
9927
7916
8545
5696
2877
8427
3445
7101
8016
1331
5526
2714
5033
1691
2084
7448
4546
3938
3331
2076
8718
1764
2976
723
103
8654
8577
3844
1720
3698
3568
1845
2605
3261
8216
1777
2279
1895
4192
8408
9028
1386
6617
2567
6478
6407
8883
1001
6770
6725
1813
6622
5269
5083
1980
7852
9106
3280
6307
1027
1127
1905
9908
8869
3665
9475
3214
1910
9428
8570
440
176
1616
1049
6949
2202
3296
9771
4360
186
4341
8897
1401
1129
1474
828
2296
1254
5273
4622
3282
8461
5831
1164
5203
3945
7531
4871
8491
6663
1884
6732
4915
9646
1180
6776
8113
9500
4503
8463
1130
9186
1825
7711
2984
51
463
3345
8012
5785
532
1696
3414
9833
1263
9980
4275
792
3379
5649
9173
1613
40
2324
1369
984
5104
7374
9110
1188
9180
6205
8994
4650
7471
5543
393
86
5427
5712
2544
461
4955
8637
8022
9375
153
4521
5740
8986
9601
361
2263
8415
9886
8332
4580
6361
4452
9541
6347
1770
6469
9915
9847
152
4279
9888
2101
7849
2390
8049
2026
1227
6134
1934
5834
9096
6364
5227
9239
7799
5502
5446
2167
2037
247
6474
345
1030
5040
9555
5337
9063
6651
787
3842
3430
8930
596
5683
3893
2976
3678
9157
6490
5341
7659
7452
9850
1056
8506
2668
1736
5136
6929
702
2456
8316
4439
2722
2713
6364
1585
4535
8658
4535
5979
9386
1916
86
5401
4428
3153
1641
190
2119
6051
296
8076
3649
3040
8221
7805
4946
8388
4545
8723
7091
1263
3043
4187
9559
4361
9904
4919
7039
4995
8831
6923
8680
2736
2861
4392
727
1109
5673
8376
1193
2172
3472
2265
9844
607
219
9774
4322
6115
7911
9858
9663
5058
7286
6414
9728
2014
3588
3964
582
3059
13
1021
4948
1644
1581
5545
9917
8249
2424
6069
1074
8512
1019
4426
6091
5041
6706
9795
6227
4670
6940
4486
9689
6522
1196
551
356
9713
1793
5482
7542
5609
2456
7176
6901
2392
7024
6419
902
6678
3150
7069
1322
1188
8306
6646
9854
7677
8474
293
958
7964
4246
9113
314
1646
3292
2000
5131
5657
877
1351
7703
1485
7831
259
2579
4586
1948
2464
1065
3507
867
6680
9755
3250
9918
3366
470
4859
844
6891
5994
9605
9967
5361
4857
1430
4928
5967
3230
2206
3650
8572
5488
72
3412
9415
8279
5836
2795
4246
9663
1928
6960
3405
6907
9137
6885
4146
219
6244
270
9487
912
5665
5150
2743
5743
8491
4751
5325
4853
1417
2134
9265
8266
9601
6534
2524
3017
5141
756
4686
591
5678
5643
8326
2642
2985
2225
898
6020
335
6041
1175
776
841
59
7587
8340
3220
9777
9985
3991
2273
339
670
6973
7776
2901
8970
672
8430
703
4592
9618
1804
9501
7417
5081
4163
2633
6189
1130
7876
1974
9324
4441
9525
9710
2413
9887
3785
2622
8597
5661
686
415
5146
8256
3917
1049
8568
5077
8558
6724
7124
8223
667
5647
6463
3367
5125
9556
2173
52
1228
5787
2806
9019
8571
7263
6557
5032
9970
5966
8543
3134
5033
2036
7406
3403
7889
6810
3711
6624
845
2123
561
6991
401
2328
9984
437
9098
8124
6120
859
7758
5266
6461
2648
6229
3398
1706
3065
6568
2553
5945
3475
9545
4089
7283
2807
99
7152
7224
3960
2004
9420
8305
3914
2456
2319
5699
1947
5159
2680
3191
1798
8146
8258
3865
7253
442
5243
5741
679
1682
9031
1193
2003
3686
6374
2495
2572
1500
1875
6201
9525
8441
7583
6106
4391
7127
5070
1138
5648
390
9552
8130
5758
1921
978
5633
3021
6082
838
7822
1981
9497
3808
7879
5063
6617
3443
346
673
4659
5308
6474
1249
726
4796
373
5694
6951
1788
1491
2013
7726
3212
6337
8571
850
9708
2814
1158
2182
1279
7765
177
9203
6429
1101
2791
3352
6296
8798
4191
1616
5681
2613
3617
4659
5691
4329
8041
3311
2048
1759
2537
5336
1188
5563
2404
8317
6327
728
6664
237
270
3274
1419
8842
6500
226
3578
9678
5149
5393
8686
491
1291
5152
2143
1895
9653
1856
7981
903
5492
142
5277
5547
9152
3145
9601
9947
2779
6199
28
3136
9036
4404
9268
6998
9230
589
9609
0
3898
2796
3284
1021
499
4437
7827
9322
9744
9184
7781
9432
127
1880
3777
383
1992
9843
9916
2978
2144
2019
8298
8997
8015
797
3620
2797
9892
6263
1323
5656
1191
4327
5596
2413
31
4010
5461
7988
2709
7667
8807
7448
6793
2644
8140
6028
9348
3233
4970
2429
9262
2483
6777
1798
1328
2747
82
1449
9356
56
185
445
4892
7354
9564
9955
9449
3384
3628
8638
5581
3775
9835
1282
6394
5147
1190
5595
1772
4315
6566
6625
109
624
1794
6283
2312
5671
6135
402
4096
1816
8682
2327
1009
5437
6541
5016
2839
9110
9168
6175
6303
6332
9818
3339
2666
8069
5081
1891
4569
8137
8374
1672
6261
8210
700
3050
9054
4569
3898
1486
647
4590
327
6191
8607
8951
5286
9507
3731
3710
9946
5199
9266
2052
9580
3805
482
1594
218
7420
6721
3170
7010
5289
6590
1281
4640
2397
7785
2328
5668
4311
8376
163
2423
3852
2124
6162
4736
3116
4644
1206
2082
4471
848
2766
4584
1711
6472
1874
2500
543
6430
7471
5427
4668
5568
1845
245
9852
2259
9725
2844
6261
5021
4592
531
6822
3522
7684
2930
1611
9234
1591
1023
2445
6640
9889
470
1097
8405
2101
9916
3155
1110
6984
9521
1386
3268
645
7940
4029
9907
4353
9771
3566
5613
9899
1235
774
5671
2021
5317
6841
1220
1897
2170
4508
8681
2726
4752
2084
9650
5898
7645
240
163
5
7059
4794
2592
9931
9173
4314
4609
4458
2665
236
3552
2380
2142
8307
8965
31
7520
2894
9924
6820
250
2969
997
5701
5116
5335
869
3930
2957
9247
3899
2717
5986
2020
3742
3453
9183
8714
7764
3408
2381
3590
2302
8765
1885
1717
1939
457
4268
5472
265
3631
8248
4302
8523
1125
1122
7594
5560
2829
1380
7319
152
890
6117
6273
820
932
5930
4934
8918
4157
5488
1493
3695
8356
119
229
648
1626
3233
8057
1691
36
7403
210
947
8128
9739
614
1121
731
3931
5760
4897
8178
7445
4072
2460
3592
6704
7605
2366
311
9353
655
4091
890
293
9994
4830
9755
3958
4672
7554
777
5516
1022
4405
6492
2574
2226
3946
7276
8186
2803
1630
6126
1833
2481
8428
4160
7046
1055
6085
5064
9825
2799
986
4840
8575
1324
3436
6180
3396
5421
1271
3799
5875
6761
7017
8354
4181
6342
4329
5303
2744
9143
294
3094
5786
1877
254
1334
3527
6540
33
9494
1855
2954
4708
8483
460
6995
1866
4589
370
953
3552
8550
5559
7147
7816
3738
5445
1883
2632
1925
7230
1332
1747
8098
8752
411
8905
2544
969
3941
3387
9802
572
9466
5650
7766
6932
1176
272
6557
9417
2459
6246
8749
2673
6060
584
2252
7432
6616
9278
5758
3987
6690
4364
2505
9282
7851
4341
5031
5220
3905
