9300
5045
5751
382
7512
6089
2183
9181
4329
5355
7336
1347
4443
6263
9290
2944
4510
6852
148
1980
6872
6299
1836
3019
5359
8012
7972
4350
1260
8351
3671
1853
3516
359
6564
853
2952
9867
2153
6092
744
9047
628
8989
1380
7824
1015
7360
5419
727
1498
8776
3367
6192
85
9684
2576
1252
3374
6798
9296
2820
9744
168
200
3870
2589
9033
9073
6789
8836
8450
229
8524
9270
325
2014
1795
2854
2792
1967
2693
4176
9878
6546
4465
1740
6663
8514
9960
7474
1682
6139
7623
7327
5792
3902
6277
9929
6498
3801
4030
5504
8469
3254
3954
9254
9413
3443
6152
7376
2496
4274
583
1181
4477
2562
5318
2391
1981
5597
2289
1239
4288
723
1375
2158
4171
312
7011
1249
4521
1513
5584
1764
1679
1429
1472
2059
1701
6441
1222
9021
5809
8060
963
9306
3158
6781
838
9502
1437
4618
2359
6662
5762
1202
6118
2915
5763
7948
4239
1932
8533
1338
8865
169
4152
1961
1487
2958
5099
1002
9687
2404
9842
1878
3601
830
1735
3788
2698
9642
1376
895
4098
2295
2480
2175
706
7382
9871
2628
4866
6692
6430
546
8106
7910
806
3817
7607
5478
1681
9101
2113
4014
7788
4342
2539
1826
4650
4616
3226
7859
6988
885
9097
2176
7744
4689
7420
752
808
8535
2836
8494
4733
6699
2659
1284
4339
2639
7712
6940
446
3626
4189
514
6149
5205
3319
2157
1575
2280
4334
5536
1243
1109
5990
4140
9020
4546
2588
1161
1733
9917
2525
5796
7961
8267
5300
2299
5222
1362
1186
2919
91
4984
3955
441
9207
5980
7454
2712
8036
6243
8589
4234
421
917
4911
1505
699
8457
3194
312
3582
2158
9813
3614
2026
2940
2852
2066
8
5754
6149
2784
703
7265
4571
2506
4554
4849
728
4331
331
2419
8145
152
8576
2495
6429
4152
6870
5118
1342
2853
3372
2402
7619
7987
4233
7621
2797
9105
4096
4415
3920
4158
370
1004
7084
4526
5860
1758
9357
5485
3379
1471
272
6899
8614
6393
920
2984
5780
5209
4255
3610
5893
1697
9296
5980
2653
8430
4965
2113
2358
7081
2860
5690
3036
1489
2128
7261
4575
7785
2133
1831
1797
2206
7363
2722
3983
461
4727
4394
8141
322
1510
6508
9251
5619
5236
145
1214
702
7077
1658
1282
5249
7297
7052
7878
2153
5453
6110
8227
1308
5511
1120
4360
3722
9698
7742
8673
8145
163
4101
3289
9569
7803
2886
7630
3649
9031
9593
6308
6223
6436
5715
2365
1549
5831
4475
5463
9482
6236
8345
9350
4606
5756
8288
5076
3258
9909
7791
7222
8495
3813
546
8561
207
182
1486
2989
9793
5777
4460
8488
5992
8236
4133
1486
1446
262
4144
6056
5341
4932
1416
2098
8951
2333
3137
3810
5574
211
7804
245
3390
995
8729
9916
7010
9119
8460
3368
3660
7609
3139
769
7457
2787
9703
1229
468
6661
4338
6847
3578
8191
7408
2862
2286
3439
953
8424
3574
9013
7357
6135
4774
8533
1905
3010
5667
1901
9065
1815
459
4328
5046
4792
50
5522
7090
5795
9744
9837
8826
4726
2794
9475
5820
2419
7085
1549
2512
5409
7683
6003
8972
2131
2959
3685
1586
3196
9387
8170
1501
2995
8228
2774
620
7428
2420
1457
2830
9927
6000
3334
9631
7973
2499
138
5250
3784
1419
7870
687
3714
4771
9829
1502
3249
8321
9050
8613
9985
9520
988
5839
6579
5073
1291
4094
6941
4125
9032
1938
1681
3262
2200
5338
98
1423
6650
10
3285
1728
2345
8302
6453
5391
419
6750
5049
1300
2123
6546
7050
4940
236
2328
5551
232
8655
723
6827
2246
735
231
6890
9456
4683
2787
3239
276
603
6285
3330
1749
3655
4740
9201
2079
8357
3922
9172
6240
7441
2736
6061
5429
9218
3087
1744
4707
6218
8484
6439
4776
5245
9236
7465
1504
1606
2609
1996
8988
8711
2131
9640
8048
1984
3178
6158
9356
2114
1330
5033
2013
8276
8328
1780
2757
5285
413
9229
3401
2995
7449
360
4457
5292
2353
8630
2997
1459
8156
663
8397
7269
8547
174
8330
3484
9511
6757
2652
2515
4695
8129
3092
9403
2722
9734
675
9214
5705
926
1281
5043
409
102
482
7026
3160
618
4823
4232
2109
9394
6865
3228
5637
7277
7595
1346
6196
4589
9385
9968
2681
4498
9547
8800
805
4076
1078
8598
3308
299
6149
4386
6717
1338
8492
3416
7103
8044
702
9726
5404
9108
3663
3125
3683
1067
3676
1964
9480
7406
8953
5537
3055
6262
8747
4249
9561
5885
8920
4451
9438
1357
8636
7320
1212
9435
3342
853
7038
4996
7185
2636
0
2118
2815
6920
370
6674
3
464
5564
2657
1670
2637
994
7781
1965
1199
1463
8705
4528
7373
4950
1419
4974
3340
5294
1153
9103
2547
462
4410
1962
7468
8882
2127
4793
5852
5261
3610
5610
1783
5512
7485
5367
2574
9081
7797
2231
7674
4471
241
214
3086
3645
1118
1459
6216
8621
1253
6297
6824
2279
2535
4481
4692
6058
839
3749
123
5322
6393
9591
5753
339
3194
6019
6234
4541
7296
6483
9362
8640
2355
3042
2428
1194
4397
9987
8450
1871
350
7427
5437
2032
3394
8092
9053
3791
1351
8587
3979
2161
2857
3876
2013
7621
784
9892
2394
9237
6110
8952
1759
3979
2145
988
8593
2374
208
5286
4051
3980
1524
1445
4186
6673
7092
3444
5727
905
917
1891
9557
331
1377
5992
8941
5960
2648
8625
2182
2442
4613
6701
792
9823
5331
4012
5427
440
1887
7685
227
445
319
6519
2295
564
1507
6785
6930
1714
2027
997
6881
720
9178
6298
3647
9441
6410
1378
4614
836
959
2396
6662
3765
96
1291
6363
4985
2243
342
1226
2250
5368
7264
5803
9935
602
4427
3614
4319
8561
4153
8327
1623
2955
7988
9212
8715
8316
6527
3825
5738
2147
4300
3841
1653
1552
2911
9952
5776
2931
6482
31
6938
8838
283
8640
1194
1646
