0
1
1
2
2
2
3
5
7
8
12
12
13
13
14
15
16
18
18
18
19
20
20
20
20
21
22
22
22
23
23
25
26
26
27
27
28
28
29
30
30
32
37
37
39
39
40
40
41
42
42
43
43
45
45
45
48
48
48
48
51
51
54
54
55
55
55
56
57
57
58
59
60
60
62
65
67
67
68
70
71
71
71
74
74
74
74
74
74
74
75
75
75
77
78
79
79
79
79
80
80
81
81
82
85
85
87
87
88
88
89
89
90
90
91
92
94
94
96
98
98
100
100
101
102
103
104
104
105
106
107
108
108
108
108
109
110
110
111
112
112
113
113
114
116
117
118
118
118
118
119
121
121
122
124
124
124
125
126
127
129
132
132
135
136
136
138
139
141
141
141
141
143
146
146
147
147
147
147
147
148
148
149
150
150
151
151
151
153
154
154
155
156
158
159
160
161
161
161
162
162
163
164
164
165
166
166
166
168
168
168
169
169
171
173
174
174
175
177
178
178
181
183
183
184
185
185
186
187
187
188
188
189
189
191
192
192
194
194
195
195
195
195
197
198
198
199
200
201
202
202
203
203
205
205
209
210
210
212
213
213
214
215
218
220
220
221
221
222
224
224
224
224
225
225
226
226
226
226
227
230
230
231
232
232
232
233
233
234
234
235
235
236
236
238
238
238
238
239
242
242
242
243
244
245
245
246
247
250
251
252
252
252
252
254
254
255
256
257
259
260
260
261
262
263
263
265
265
265
265
267
269
269
269
272
272
273
273
273
274
275
275
276
277
278
279
280
280
281
282
283
283
284
286
287
288
289
289
290
293
293
297
298
298
298
298
298
298
299
301
302
302
302
302
303
305
306
311
312
313
314
316
318
319
319
319
321
321
322
322
322
323
324
325
325
325
325
325
328
329
334
336
337
338
339
339
340
340
340
342
343
345
345
346
347
347
348
350
350
351
352
352
352
352
352
353
356
356
356
357
357
358
358
359
360
361
361
362
362
365
365
367
367
367
367
367
369
369
370
370
370
370
371
373
373
375
375
376
376
376
376
377
377
378
378
379
382
384
384
386
389
389
391
392
392
393
393
395
396
397
398
399
400
400
401
402
403
404
404
405
405
406
407
408
409
410
412
412
412
414
415
415
415
416
416
416
417
417
420
422
423
423
424
424
425
425
426
426
427
427
429
429
430
430
430
432
433
435
436
436
437
437
438
438
438
439
439
440
442
442
443
444
445
445
446
446
448
448
449
449
450
451
452
452
452
452
452
454
454
454
455
456
459
459
460
460
461
461
463
463
466
467
467
467
468
468
470
471
471
471
472
472
474
476
477
477
477
479
479
480
480
482
484
484
485
486
489
490
490
491
493
493
494
495
496
496
499
500
500
502
504
505
505
505
506
506
508
508
509
509
509
509
510
513
513
514
514
514
514
515
515
516
518
518
519
520
520
520
520
521
523
524
525
527
528
528
529
530
533
534
537
539
540
541
542
543
545
546
548
548
550
550
550
550
551
552
554
556
556
558
559
561
563
564
565
566
567
567
570
571
574
576
577
579
579
579
580
580
582
582
584
584
586
587
587
589
589
590
591
592
593
594
594
594
595
596
596
598
599
600
600
600
601
601
602
603
604
605
605
606
606
608
608
610
610
611
611
612
614
614
614
617
617
617
617
618
618
619
620
621
621
623
623
626
626
627
628
629
629
629
630
632
634
635
636
637
639
640
641
643
643
643
644
644
645
646
646
647
648
648
649
649
651
651
652
654
656
656
657
658
659
664
664
664
665
666
667
667
668
671
671
672
672
672
672
673
673
674
675
676
676
677
677
679
683
684
684
687
687
688
688
689
689
690
690
691
692
692
693
696
696
698
698
699
699
699
700
704
705
706
707
708
709
709
709
710
712
715
715
717
718
718
718
719
721
725
726
726
727
728
729
729
729
730
731
731
732
734
735
736
737
738
738
739
739
739
740
741
741
743
743
743
743
744
744
745
745
745
746
746
746
746
747
748
748
748
749
749
752
753
754
754
755
755
757
758
758
759
759
760
760
761
764
766
769
769
769
770
771
772
772
773
774
776
776
778
779
781
781
781
782
782
783
784
785
785
788
789
792
792
795
795
795
795
796
797
797
800
801
802
802
802
803
803
803
804
805
805
805
806
806
807
808
809
809
809
810
810
810
811
811
813
813
815
816
816
816
819
819
820
820
822
822
823
823
823
824
824
825
825
825
827
828
828
828
828
829
829
829
829
830
831
831
832
832
833
833
836
837
839
839
840
841
841
841
841
843
844
845
846
847
848
848
849
850
850
851
852
853
854
856
858
860
861
861
862
865
867
867
867
869
870
870
870
870
870
873
873
876
876
876
878
878
880
880
880
883
885
887
889
892
892
892
893
896
897
897
897
897
898
901
904
904
905
905
905
906
906
906
906
907
907
911
913
913
914
915
916
917
917
919
919
920
920
920
921
921
921
922
922
923
923
923
925
925
926
927
929
929
931
932
933
933
933
933
933
934
935
935
935
935
936
939
941
941
946
946
947
949
951
952
954
955
955
955
956
956
957
957
958
958
959
959
959
960
960
961
962
964
964
965
966
967
969
969
969
970
971
971
971
972
973
975
976
977
977
977
978
979
979
981
982
982
982
982
982
985
985
986
987
987
987
988
989
989
990
990
990
990
990
991
992
995
996
997
997
997
999
999
999
1000
1001
1002
1002
1004
1004
1008
1009
1010
1010
1011
1011
1012
1012
1013
1014
1014
1014
1015
1015
1016
1016
1018
1018
1019
1020
1020
1021
1021
1021
1021
1022
1023
1024
1024
1026
1026
1027
1028
1030
1031
1033
1033
1033
1033
1034
1037
1037
1038
1038
1038
1041
1042
1042
1042
1042
1042
1043
1044
1045
1045
1046
1046
1046
1046
1047
1048
1048
1049
1050
1051
1051
1052
1053
1055
1056
1056
1057
1058
1059
1059
1059
1059
1062
1063
1063
1064
1065
1065
1065
1066
1066
1067
1067
1069
1069
1069
1070
1070
1071
1071
1072
1072
1073
1073
1074
1075
1076
1076
1076
1078
1080
1080
1080
1081
1082
1084
1086
1087
1088
1088
1089
1090
1090
1092
1093
1094
1094
1095
1096
1097
1099
1101
1102
1103
1103
1103
1104
1104
1107
1107
1108
1110
1110
1110
1111
1111
1112
1112
1112
1112
1113
1114
1114
1115
1116
1116
1117
1117
1117
1118
1118
1119
1120
1120
1121
1121
1122
1122
1123
1124
1124
1126
1126
1127
1128
1128
1129
1129
1129
1129
1130
1130
1131
1132
1134
1134
1135
1136
1136
1137
1137
1139
1139
1140
1140
1141
1142
1143
1144
1147
1147
1151
1153
1153
1154
1154
1155
1155
1155
1155
1157
1158
1158
1158
1162
1163
1164
1165
1166
1166
1167
1167
1167
1169
1169
1170
1170
1171
1172
1174
1174
1174
1175
1175
1177
1178
1179
1180
1180
1180
1181
1183
1185
1186
1186
1187
1190
1190
1192
1192
1193
1196
1197
1198
1199
1200
1200
1200
1200
1201
1203
1204
1205
1205
1205
1206
1206
1207
1207
1208
1209
1209
1209
1209
1211
1213
1214
1214
1215
1215
1217
1218
1218
1218
1219
1220
1220
1223
1223
1225
1226
1228
1228
1228
1229
1229
1229
1231
1231
1232
1233
1233
1233
1234
1236
1237
1238
1238
1239
1239
1240
1240
1241
1243
1244
1244
1244
1245
1245
1246
1249
1251
1252
1252
1253
1255
1255
1257
1258
1259
1260
1260
1260
1260
1262
1263
1264
1264
1268
1268
1269
1269
1271
1272
1272
1272
1272
1272
1272
1274
1274
1276
1277
1278
1281
1281
1281
1282
1283
1284
1284
1285
1286
1287
1289
1289
1291
1294
1296
1297
1297
1298
1298
1298
1299
1301
1303
1306
1307
1307
1307
1308
1308
1308
1309
1309
1310
1310
1311
1311
1312
1313
1313
1313
1315
1315
1315
1315
1316
1317
1318
1320
1320
1320
1321
1321
1322
1322
1323
1324
1324
1325
1325
1326
1326
1326
1326
1327
1327
1328
1328
1329
1329
1329
1330
1333
1333
1333
1334
1337
1337
1340
1341
1342
1343
1345
1346
1346
1347
1351
1352
1353
1353
1354
1355
1355
1355
1355
1356
1357
1357
1358
1359
1361
1361
1362
1364
1364
1365
1365
1365
1367
1368
1368
1369
1369
1369
1370
1370
1370
1371
1372
1374
1374
1374
1376
1378
1379
1379
1381
1382
1382
1382
1383
1383
1385
1385
1385
1385
1387
1387
1389
1389
1390
1390
1390
1390
1392
1392
1393
1395
1395
1396
1398
1400
1401
1403
1406
1407
1409
1410
1411
1412
1412
1412
1414
1414
1415
1415
1416
1416
1417
1417
1419
1419
1419
1420
1421
1421
1422
1422
1422
1423
1423
1423
1424
1425
1425
1426
1426
1426
1426
1427
1429
1430
1431
1431
1431
1432
1432
1432
1432
1434
1435
1435
1435
1436
1438
1441
1444
1445
1446
1448
1449
1449
1451
1451
1454
1454
1455
1457
1457
1457
1458
1458
1458
1459
1459
1464
1464
1467
1468
1468
1469
1470
1472
1473
1474
1474
1474
1475
1475
1476
1476
1476
1477
1477
1478
1479
1479
1479
1479
1480
1480
1480
1482
1483
1484
1485
1486
1486
1486
1486
1487
1487
1487
1488
1489
1489
1490
1491
1491
1492
1493
1493
1494
1495
1495
1495
1498
1498
1498
1499
1499
1499
1500
1500
1500
1501
1501
1501
1502
1502
1502
1503
1504
1504
1505
1506
1508
1509
1509
1510
1511
1512
1512
1513
1515
1519
1519
1519
1520
1520
1521
1523
1523
1523
1525
1525
1526
1526
1529
1529
1531
1532
1533
1533
1534
1536
1536
1536
1537
1538
1538
1539
1542
1543
1544
1544
1545
1545
1545
1546
1549
1551
1552
1554
1556
1556
1557
1558
1560
1562
1562
1563
1564
1564
1566
1566
1568
1568
1571
1572
1572
1573
1573
1574
1574
1574
1574
1575
1575
1576
1576
1576
1576
1576
1577
1579
1581
1585
1585
1585
1587
1590
1590
1591
1591
1591
1592
1592
1593
1594
1595
1597
1600
1601
1602
1603
1603
1604
1604
1604
1604
1606
1607
1607
1607
1608
1611
1612
1612
1612
1615
1615
1617
1619
1619
1619
1620
1621
1621
1623
1625
1626
1628
1628
1629
1631
1631
1631
1631
1632
1632
1635
1635
1638
1639
1639
1639
1640
1643
1643
1643
1644
1645
1645
1646
1652
1652
1652
1652
1653
1653
1654
1654
1655
1658
1659
1659
1659
1661
1662
1662
1663
1663
1664
1664
1664
1665
1665
1666
1666
1667
1668
1670
1670
1671
1671
1673
1674
1674
1675
1676
1677
1678
1679
1679
1679
1680
1681
1682
1683
1684
1684
1684
1685
1687
1688
1691
1691
1692
1693
1695
1697
1697
1698
1699
1699
1699
1700
1700
1700
1703
1703
1703
1707
1708
1708
1708
1709
1709
1710
1710
1711
1714
1714
1714
1715
1716
1716
1718
1719
1719
1719
1720
1721
1721
1721
1722
1723
1723
1723
1726
1726
1728
1729
1730
1730
1730
1732
1734
1734
1734
1735
1735
1736
1738
1738
1738
1739
1740
1741
1741
1742
1743
1745
1746
1746
1747
1747
1748
1750
1750
1751
1751
1761
1761
1761
1764
1764
1764
1765
1766
1766
1767
1767
1768
1768
1768
1768
1769
1769
1770
1770
1770
1771
1771
1774
1776
1777
1777
1779
1781
1782
1784
1784
1785
1785
1786
1787
1787
1788
1789
1789
1791
1791
1792
1793
1793
1794
1794
1794
1794
1795
1797
1797
1798
1798
1798
1799
1800
1800
1802
1805
1806
1806
1808
1809
1809
1809
1811
1812
1812
1812
1813
1814
1814
1814
1814
1815
1816
1819
1820
1821
1821
1822
1823
1823
1824
1826
1826
1826
1828
1828
1829
1829
1829
1830
1830
1831
1831
1833
1833
1834
1834
1834
1835
1835
1835
1835
1837
1837
1838
1838
1839
1840
1840
1840
1841
1842
1844
1844
1846
1847
1848
1851
1852
1854
1854
1854
1854
1855
1855
1856
1857
1857
1858
1860
1861
1862
1864
1864
1865
1868
1871
1872
1873
1873
1874
1875
1877
1878
1878
1878
1879
1882
1884
1886
1887
1888
1889
1889
1890
1891
1892
1892
1892
1894
1895
1899
1900
1900
1900
1901
1902
1903
1905
1906
1907
1908
1908
1909
1914
1916
1918
1918
1918
1918
1920
1921
1922
1922
1922
1922
1924
1926
1926
1926
1926
1926
1927
1930
1930
1932
1934
1934
1934
1934
1935
1935
1936
1938
1939
1939
1940
1940
1940
1941
1941
1942
1942
1944
1944
1949
1949
1949
1949
1950
1950
1951
1952
1952
1952
1954
1955
1955
1956
1957
1960
1960
1961
1961
1962
1963
1964
1964
1966
1969
1972
1972
1974
1975
1977
1978
1979
1979
1982
1984
1984
1985
1986
1986
1987
1988
1989
1991
1992
1993
1993
1995
1995
1995
1996
1996
1996
1997
1997
1997
1998
1998
2000
2000
2003
2003
2004
2008
2008
2011
2011
2012
2013
2013
2014
2014
2016
2016
2016
2019
2019
2020
2021
2022
2023
2023
2024
2024
2024
2025
2026
2027
2027
2028
2028
2028
2031
2032
2032
2032
2033
2033
2034
2034
2036
2036
2037
2037
2038
2038
2039
2039
2040
2041
2041
2041
2042
2044
2044
2045
2045
2046
2047
2048
2049
2050
2050
2050
2051
2054
2054
2055
2056
2058
2058
2059
2059
2060
2061
2063
2065
2065
2065
2066
2067
2067
2067
2068
2069
2071
2072
2074
2076
2077
2078
2078
2078
2079
2079
2080
2080
2080
2082
2082
2082
2082
2082
2083
2083
2083
2084
2086
2087
2087
2088
2088
2089
2089
2091
2091
2092
2092
2092
2093
2093
2093
2095
2097
2098
2098
2099
2099
2100
2100
2101
2101
2102
2103
2104
2104
2104
2105
2105
2106
2106
2107
2108
2110
2111
2111
2112
2112
2113
2115
2116
2117
2117
2119
2119
2120
2120
2121
2122
2125
2125
2125
2126
2126
2127
2128
2129
2129
2129
2132
2133
2134
2134
2134
2135
2136
2136
2137
2139
2139
2139
2141
2142
2144
2144
2144
2145
2146
2146
2146
2149
2150
2151
2151
2152
2152
2152
2154
2156
2156
2157
2157
2157
2159
2159
2159
2161
2162
2162
2165
2165
2166
2166
2166
2166
2167
2168
2168
2169
2170
2170
2171
2171
2172
2174
2174
2175
2177
2178
2182
2182
2182
2182
2183
2183
2185
2188
2191
2191
2191
2192
2195
2195
2196
2196
2197
2198
2198
2200
2201
2201
2202
2202
2203
2203
2203
2206
2206
2207
2207
2210
2210
2211
2212
2212
2214
2215
2216
2217
2217
2217
2220
2222
2222
2223
2223
2223
2224
2225
2226
2226
2228
2229
2229
2231
2232
2232
2232
2235
2235
2237
2239
2239
2240
2240
2242
2243
2244
2245
2245
2246
2246
2248
2250
2250
2251
2252
2254
2255
2256
2256
2258
2258
2260
2260
2261
2261
2261
2262
2262
2262
2263
2263
2265
2265
2266
2266
2268
2268
2269
2270
2271
2271
2271
2271
2271
2272
2273
2274
2274
2274
2274
2275
2276
2277
2277
2278
2278
2279
2279
2280
2281
2281
2282
2285
2285
2287
2288
2289
2290
2290
2292
2293
2294
2294
2295
2297
2298
2298
2300
2300
2301
2301
2303
2303
2304
2305
2308
2310
2311
2311
2313
2314
2315
2315
2316
2316
2317
2317
2319
2319
2319
2320
2321
2322
2323
2325
2327
2327
2327
2328
2328
2328
2329
2329
2330
2331
2333
2333
2334
2334
2336
2336
2336
2337
2338
2339
2342
2342
2343
2343
2343
2343
2344
2344
2344
2345
2346
2346
2346
2347
2347
2348
2348
2348
2348
2349
2349
2350
2350
2350
2351
2351
2351
2351
2352
2352
2354
2354
2354
2355
2359
2360
2360
2361
2361
2361
2361
2361
2361
2363
2363
2364
2365
2366
2368
2368
2369
2369
2372
2373
2374
2376
2379
2379
2380
2380
2380
2381
2381
2382
2383
2383
2384
2385
2386
2387
2388
2388
2390
2390
2390
2392
2393
2393
2394
2396
2397
2399
2400
2400
2400
2403
2404
2404
2404
2405
2405
2407
2409
2411
2412
2413
2414
2415
2416
2416
2417
2417
2417
2417
2418
2418
2421
2421
2422
2422
2422
2423
2423
2424
2426
2427
2427
2427
2428
2430
2432
2434
2436
2437
2438
2439
2440
2443
2443
2444
2444
2444
2445
2445
2446
2447
2449
2449
2451
2451
2452
2452
2455
2456
2457
2457
2458
2458
2459
2460
2461
2464
2465
2466
2468
2468
2468
2468
2469
2470
2470
2471
2471
2472
2473
2474
2475
2477
2477
2478
2480
2484
2484
2484
2485
2486
2487
2487
2488
2489
2491
2492
2492
2494
2494
2494
2495
2495
2497
2498
2498
2499
2499
2500
2500
2501
2501
2501
2502
2502
2503
2504
2505
2506
2506
2507
2508
2508
2509
2509
2509
2509
2511
2511
2511
2513
2513
2514
2515
2516
2517
2517
2518
2519
2519
2519
2520
2520
2520
2520
2521
2522
2522
2523
2523
2523
2523
2527
2527
2530
2530
2531
2533
2534
2534
2536
2538
2538
2539
2540
2540
2540
2541
2543
2543
2543
2545
2546
2546
2547
2548
2550
2550
2551
2551
2552
2552
2553
2553
2553
2554
2554
2555
2556
2557
2558
2560
2561
2562
2563
2564
2565
2565
2565
2566
2566
2567
2569
2572
2572
2572
2572
2573
2575
2575
2575
2575
2576
2576
2579
2582
2584
2585
2585
2586
2589
2589
2591
2591
2591
2592
2592
2593
2594
2595
2596
2596
2598
2599
2600
2600
2601
2601
2601
2602
2603
2603
2603
2604
2604
2605
2605
2606
2608
2608
2608
2608
2613
2614
2615
2615
2616
2617
2618
2618
2620
2621
2621
2621
2621
2622
2623
2625
2626
2628
2628
2628
2630
2630
2630
2632
2633
2634
2635
2635
2636
2636
2639
2641
2641
2641
2643
2643
2644
2645
2646
2647
2648
2648
2648
2648
2649
2650
2650
2650
2651
2652
2653
2654
2654
2657
2658
2658
2660
2661
2662
2663
2665
2665
2665
2666
2667
2667
2667
2667
2669
2669
2671
2671
2672
2672
2676
2676
2678
2678
2679
2679
2679
2679
2679
2681
2681
2681
2682
2682
2683
2683
2683
2684
2684
2684
2686
2686
2689
2689
2690
2690
2691
2692
2693
2694
2700
2700
2700
2702
2703
2703
2704
2704
2705
2705
2706
2707
2708
2708
2709
2714
2714
2715
2717
2719
2720
2721
2721
2721
2725
2725
2726
2726
2728
2728
2728
2729
2732
2733
2734
2734
2735
2735
2736
2737
2738
2738
2739
2741
2741
2741
2744
2744
2744
2745
2746
2746
2747
2747
2747
2747
2747
2748
2749
2750
2752
2753
2753
2753
2755
2756
2756
2758
2758
2759
2760
2762
2762
2762
2763
2763
2764
2765
2765
2767
2767
2767
2768
2770
2771
2772
2773
2773
2775
2778
2778
2779
2780
2782
2782
2784
2786
2786
2787
2790
2793
2793
2793
2793
2794
2794
2797
2798
2799
2800
2800
2803
2803
2803
2803
2804
2806
2806
2810
2810
2810
2812
2813
2813
2814
2815
2815
2816
2818
2820
2821
2822
2822
2823
2825
2825
2826
2827
2827
2828
2829
2830
2831
2835
2836
2837
2838
2839
2839
2842
2844
2845
2846
2848
2848
2849
2851
2851
2853
2865
2867
2867
2868
2869
2871
2872
2873
2874
2874
2875
2876
2876
2877
2879
2881
2881
2882
2884
2885
2886
2886
2892
2892
2893
2894
2896
2898
2901
2901
2902
2904
2904
2905
2905
2905
2906
2906
2907
2911
2911
2911
2916
2916
2916
2917
2918
2921
2921
2921
2921
2922
2922
2923
2923
2925
2926
2927
2928
2930
2931
2931
2932
2932
2933
2936
2937
2939
2940
2941
2944
2948
2948
2950
2950
2950
2950
2951
2953
2954
2954
2957
2958
2960
2961
2961
2962
2962
2962
2962
2964
2966
2966
2967
2968
2969
2969
2970
2973
2975
2975
2977
2977
2977
2979
2981
2984
2984
2985
2986
2987
2987
2988
2989
2990
2990
2990
2990
2991
2993
2996
2998
2998
2998
2999
3003
3003
3004
3005
3005
3006
3006
3007
3008
3009
3010
3011
3013
3013
3015
3017
3018
3018
3019
3019
3021
3022
3024
3026
3026
3026
3027
3028
3028
3029
3029
3029
3031
3032
3032
3032
3033
3038
3039
3041
3041
3042
3042
3042
3043
3044
3044
3046
3047
3049
3050
3050
3051
3052
3052
3053
3054
3054
3055
3056
3057
3059
3060
3061
3062
3063
3063
3064
3065
3066
3067
3068
3068
3068
3068
3069
3069
3070
3070
3070
3071
3073
3074
3074
3075
3076
3077
3077
3077
3078
3078
3079
3080
3081
3081
3084
3084
3085
3086
3086
3087
3091
3091
3092
3094
3095
3097
3097
3097
3101
3101
3101
3101
3102
3102
3103
3104
3105
3105
3107
3107
3108
3110
3113
3114
3116
3116
3116
3118
3119
3119
3120
3120
3120
3120
3122
3124
3124
3126
3128
3130
3130
3130
3133
3133
3137
3138
3140
3141
3141
3143
3143
3143
3143
3144
3144
3146
3148
3149
3149
3149
3149
3152
3153
3154
3154
3154
3156
3160
3161
3162
3162
3164
3166
3166
3168
3168
3170
3171
3174
3174
3174
3175
3177
3180
3181
3181
3182
3182
3182
3183
3185
3185
3185
3186
3188
3191
3191
3192
3195
3195
3195
3196
3198
3202
3204
3205
3206
3207
3208
3210
3211
3211
3212
3212
3212
3215
3216
3216
3216
3217
3218
3218
3220
3221
3221
3227
3227
3229
3230
3234
3236
3238
3239
3240
3240
3241
3241
3242
3242
3243
3248
3252
3252
3256
3256
3259
3260
3263
3263
3268
3269
3269
3269
3272
3272
3273
3273
3274
3275
3277
3277
3277
3278
3278
3280
3283
3283
3284
3284
3285
3286
3287
3287
3288
3288
3288
3289
3289
3289
3293
3293
3294
3295
3295
3295
3295
3296
3298
3300
3300
3300
3301
3303
3303
3306
3307
3308
3309
3311
3311
3312
3312
3313
3313
3315
3316
3317
3317
3317
3318
3318
3319
3320
3322
3325
3327
3329
3330
3330
3331
3331
3332
3332
3337
3338
3340
3341
3342
3345
3346
3347
3347
3347
3347
3348
3350
3350
3350
3351
3353
3353
3356
3356
3357
3358
3358
3361
3361
3361
3362
3362
3365
3368
3370
3371
3371
3371
3371
3372
3381
3382
3382
3383
3383
3385
3392
3393
3394
3395
3396
3396
3396
3398
3398
3400
3402
3402
3403
3403
3404
3405
3405
3406
3406
3407
3408
3409
3410
3410
3411
3411
3412
3413
3419
3419
3420
3422
3423
3424
3425
3427
3427
3429
3429
3429
3429
3432
3433
3435
3436
3437
3437
3437
3438
3441
3441
3442
3442
3443
3443
3444
3444
3445
3448
3449
3452
3452
3453
3454
3455
3455
3457
3458
3460
3460
3462
3463
3463
3463
3463
3464
3464
3465
3465
3466
3466
3467
3467
3470
3472
3472
3472
3479
3482
3483
3483
3484
3484
3485
3486
3488
3489
3490
3491
3492
3493
3496
3496
3496
3498
3501
3501
3502
3502
3503
3503
3503
3504
3505
3506
3506
3508
3509
3510
3511
3511
3512
3513
3514
3514
3516
3518
3518
3518
3519
3519
3520
3520
3523
3524
3526
3526
3526
3527
3527
3529
3530
3530
3531
3532
3533
3535
3535
3536
3536
3536
3536
3538
3539
3540
3540
3541
3542
3542
3543
3544
3545
3545
3547
3548
3549
3552
3553
3553
3554
3559
3561
3562
3565
3566
3570
3570
3572
3573
3577
3578
3581
3584
3584
3586
3586
3586
3590
3592
3592
3593
3594
3600
3602
3603
3604
3605
3605
3607
3609
3609
3609
3610
3611
3611
3611
3612
3612
3613
3613
3615
3616
3618
3622
3622
3622
3624
3626
3626
3626
3627
3632
3632
3635
3635
3636
3636
3637
3638
3639
3639
3640
3641
3641
3642
3643
3643
3643
3644
3644
3644
3644
3646
3646
3646
3647
3647
3647
3648
3649
3651
3651
3653
3654
3654
3655
3656
3657
3658
3658
3658
3659
3659
3659
3661
3661
3661
3666
3666
3667
3668
3670
3671
3674
3676
3677
3677
3677
3677
3682
3683
3685
3686
3687
3688
3690
3690
3690
3691
3692
3693
3693
3693
3694
3694
3695
3697
3699
3699
3699
3703
3703
3705
3708
3709
3710
3710
3710
3710
3711
3711
3712
3712
3712
3714
3715
3716
3718
3721
3723
3723
3723
3726
3726
3728
3728
3728
3729
3730
3732
3735
3735
3737
3739
3740
3741
3741
3743
3745
3748
3748
3749
3749
3750
3750
3752
3754
3756
3758
3759
3759
3760
3761
3763
3763
3765
3766
3768
3770
3772
3772
3773
3774
3774
3774
3775
3777
3777
3780
3783
3784
3785
3786
3787
3788
3788
3789
3791
3794
3795
3797
3798
3798
3799
3799
3801
3801
3802
3803
3805
3805
3805
3807
3808
3808
3811
3812
3815
3815
3815
3818
3820
3822
3822
3823
3823
3823
3824
3824
3825
3827
3830
3835
3835
3839
3839
3840
3841
3841
3841
3842
3846
3847
3848
3849
3850
3850
3852
3852
3854
3855
3855
3856
3858
3860
3860
3863
3864
3865
3865
3865
3867
3868
3868
3869
3869
3869
3869
3870
3870
3870
3871
3872
3873
3875
3877
3878
3878
3881
3883
3884
3888
3889
3890
3892
3893
3896
3896
3899
3901
3902
3902
3902
3903
3903
3904
3905
3905
3906
3909
3910
3910
3911
3911
3911
3913
3913
3913
3918
3918
3919
3920
3921
3923
3924
3924
3924
3925
3927
3927
3929
3931
3935
3936
3938
3939
3941
3941
3942
3943
3943
3944
3948
3949
3949
3952
3953
3954
3954
3955
3956
3956
3957
3958
3959
3959
3962
3965
3966
3966
3966
3967
3969
3971
3972
3974
3976
3978
3980
3981
3982
3983
3984
3985
3987
3988
3988
3990
3990
3992
3992
3993
3994
3994
3994
3995
3996
3996
3999
3999
4000
4000
4000
4001
4001
4003
4003
4004
4004
4005
4005
4006
4007
4008
4008
4009
4011
4011
4012
4013
4013
4015
4020
4022
4023
4025
4026
4028
4028
4029
4030
4031
4032
4032
4034
4034
4034
4036
4036
4037
4038
4038
4038
4039
4039
4041
4044
4046
4046
4049
4049
4050
4051
4055
4055
4055
4055
4057
4059
4060
4061
4061
4062
4063
4064
4067
4068
4071
4074
4074
4074
4076
4077
4078
4079
4081
4081
4081
4083
4083
4084
4084
4084
4085
4086
4089
4090
4091
4093
4093
4094
4094
4096
4096
4096
4101
4102
4102
4104
4108
4111
4114
4114
4116
4117
4117
4118
4118
4118
4118
4118
4122
4122
4122
4123
4125
4126
4126
4127
4129
4129
4132
4133
4136
4136
4138
4141
4143
4143
4144
4144
4145
4145
4147
4151
4151
4152
4153
4153
4153
4153
4154
4154
4154
4154
4155
4157
4159
4164
4165
4165
4165
4166
4166
4167
4167
4168
4168
4169
4170
4173
4178
4178
4182
4182
4182
4184
4186
4187
4188
4189
4189
4190
4190
4190
4192
4194
4194
4196
4197
4199
4199
4200
4201
4203
4204
4204
4205
4205
4206
4207
4207
4208
4208
4208
4210
4211
4213
4213
4214
4215
4215
4215
4216
4220
4221
4221
4221
4223
4223
4225
4225
4226
4228
4228
4229
4230
4232
4233
4234
4235
4237
4238
4239
4242
4244
4246
4247
4248
4249
4250
4252
4253
4253
4255
4255
4255
4257
4259
4260
4260
4260
4261
4261
4262
4262
4262
4263
4264
4265
4266
4268
4268
4268
4270
4272
4272
4272
4272
4273
4276
4280
4280
4280
4280
4280
4283
4287
4288
4288
4296
4297
4297
4297
4298
4300
4304
4304
4306
4307
4309
4310
4311
4313
4315
4316
4317
4317
4317
4318
4318
4318
4318
4319
4319
4323
4326
4327
4327
4327
4328
4329
4331
4331
4332
4333
4333
4335
4338
4339
4340
4343
4343
4344
4344
4346
4349
4349
4351
4354
4354
4355
4355
4356
4356
4357
4358
4360
4361
4363
4366
4368
4368
4369
4370
4372
4373
4375
4375
4376
4376
4377
4377
4377
4377
4378
4379
4380
4380
4380
4381
4382
4382
4384
4390
4392
4393
4393
4394
4394
4394
4395
4395
4395
4395
4396
4398
4400
4400
4401
4401
4402
4403
4403
4404
4404
4404
4405
4406
4406
4407
4408
4409
4409
4410
4410
4413
4414
4414
4416
4417
4417
4419
4420
4420
4420
4421
4421
4422
4423
4423
4425
4426
4426
4428
4428
4429
4430
4432
4435
4437
4438
4438
4438
4439
4440
4442
4443
4443
4443
4445
4446
4450
4451
4451
4451
4454
4454
4455
4455
4456
4457
4458
4458
4460
4461
4463
4464
4466
4468
4469
4470
4471
4471
4472
4472
4472
4474
4475
4476
4478
4481
4481
4481
4482
4482
4482
4483
4483
4485
4486
4488
4492
4492
4493
4494
4496
4497
4497
4499
4499
4502
4502
4503
4508
4508
4511
4512
4512
4514
4515
4516
4516
4516
4518
4518
4519
4520
4520
4522
4522
4523
4523
4525
4526
4526
4528
4528
4528
4529
4531
4532
4532
4533
4534
4534
4536
4536
4536
4537
4538
4538
4539
4539
4544
4546
4547
4547
4549
4552
4552
4553
4554
4555
4556
4559
4560
4562
4562
4563
4565
4566
4567
4572
4575
4575
4575
4578
4578
4578
4582
4584
4584
4585
4586
4588
4593
4594
4595
4598
4599
4601
4602
4602
4602
4605
4606
4609
4609
4611
4611
4615
4616
4616
4617
4619
4619
4620
4620
4623
4623
4623
4626
4627
4627
4628
4630
4631
4635
4636
4638
4639
4642
4643
4644
4645
4647
4648
4649
4650
4652
4652
4653
4653
4653
4654
4654
4656
4656
4656
4656
4657
4658
4659
4659
4659
4661
4661
4661
4663
4665
4666
4667
4668
4670
4670
4670
4671
4672
4673
4673
4675
4677
4677
4678
4678
4679
4680
4681
4682
4686
4686
4686
4687
4688
4688
4690
4694
4696
4696
4697
4700
4700
4701
4701
4703
4703
4703
4705
4707
4708
4708
4709
4709
4709
4709
4709
4710
4711
4712
4714
4714
4718
4719
4720
4721
4722
4728
4729
4730
4733
4734
4734
4737
4737
4738
4738
4738
4739
4739
4740
4741
4742
4743
4746
4746
4746
4748
4748
4749
4750
4750
4752
4752
4752
4755
4755
4756
4756
4756
4758
4758
4759
4761
4761
4762
4763
4763
4764
4764
4767
4770
4770
4770
4773
4773
4779
4781
4781
4782
4788
4789
4792
4793
4795
4795
4796
4798
4799
4799
4800
4801
4801
4801
4801
4803
4806
4808
4808
4810
4812
4812
4813
4813
4813
4813
4814
4814
4815
4816
4816
4817
4819
4820
4820
4821
4821
4822
4822
4822
4822
4823
4825
4826
4826
4828
4834
4834
4836
4838
4839
4840
4841
4841
4842
4843
4844
4845
4846
4850
4850
4852
4853
4855
4856
4857
4858
4860
4860
4861
4862
4862
4863
4863
4865
4866
4868
4869
4872
4872
4873
4877
4878
4879
4881
4882
4882
4882
4882
4882
4885
4886
4887
4888
4888
4889
4893
4895
4895
4896
4896
4897
4897
4897
4898
4898
4898
4899
4900
4901
4904
4904
4906
4907
4907
4912
4912
4912
4916
4917
4919
4919
4920
4922
4922
4922
4924
4924
4924
4926
4928
4929
4929
4929
4930
4931
4933
4934
4934
4934
4934
4935
4936
4936
4937
4937
4937
4937
4938
4940
4941
4942
4943
4943
4944
4945
4947
4949
4950
4951
4951
4952
4953
4953
4954
4954
4955
4955
4955
4957
4957
4958
4959
4959
4961
4962
4965
4966
4967
4969
4971
4972
4975
4975
4977
4978
4978
4979
4980
4982
4983
4984
4985
4988
4988
4988
4989
4990
4993
4993
4994
4994
4994
4997
4997
4998
4998
4999
5001
5002
5003
5005
5006
5006
5007
5007
5007
5008
5009
5009
5011
5012
5014
5014
5016
5017
5019
5020
5022
5025
5026
5026
5028
5031
5031
5034
5036
5037
5037
5038
5039
5043
5044
5045
5046
5046
5046
5047
5048
5049
5052
5052
5053
5054
5054
5056
5056
5057
5058
5058
5059
5059
5060
5060
5062
5064
5065
5066
5067
5067
5068
5070
5071
5071
5072
5074
5074
5075
5076
5078
5079
5079
5080
5081
5082
5083
5084
5086
5087
5088
5089
5089
5091
5091
5092
5092
5093
5093
5095
5096
5099
5100
5100
5100
5102
5103
5103
5105
5105
5106
5106
5109
5109
5109
5112
5112
5114
5116
5118
5119
5119
5120
5120
5123
5124
5125
5127
5130
5130
5130
5130
5131
5133
5134
5137
5139
5140
5142
5143
5143
5145
5146
5146
5146
5146
5146
5148
5149
5151
5152
5153
5153
5155
5157
5158
5158
5159
5160
5161
5163
5164
5164
5165
5166
5166
5168
5170
5171
5172
5173
5173
5174
5177
5178
5178
5179
5179
5179
5180
5180
5183
5183
5184
5184
5184
5185
5185
5185
5186
5189
5190
5190
5191
5193
5194
5195
5196
5200
5207
5207
5210
5210
5211
5214
5214
5215
5216
5216
5216
5220
5220
5221
5221
5222
5222
5222
5224
5225
5226
5226
5226
5227
5227
5228
5229
5231
5233
5235
5238
5239
5239
5239
5245
5251
5251
5252
5253
5253
5253
5254
5258
5258
5259
5259
5260
5260
5261
5261
5261
5263
5263
5264
5265
5266
5266
5266
5267
5269
5269
5270
5270
5272
5272
5272
5273
5273
5275
5276
5276
5277
5277
5278
5280
5280
5282
5283
5283
5285
5286
5288
5290
5292
5293
5293
5295
5295
5295
5296
5297
5297
5298
5300
5301
5302
5302
5305
5306
5307
5307
5308
5309
5310
5312
5314
5315
5316
5316
5316
5318
5318
5318
5319
5319
5319
5322
5323
5325
5325
5329
5330
5330
5330
5331
5331
5333
5333
5336
5337
5337
5338
5340
5341
5342
5343
5346
5346
5348
5349
5353
5356
5356
5357
5357
5358
5359
5361
5361
5362
5363
5364
5366
5366
5367
5368
5369
5370
5370
5371
5372
5372
5374
5374
5376
5376
5376
5376
5376
5380
5381
5381
5381
5383
5383
5384
5385
5386
5386
5386
5387
5390
5390
5391
5391
5392
5395
5396
5397
5398
5400
5402
5403
5403
5404
5406
5407
5411
5413
5415
5416
5418
5418
5419
5419
5419
5420
5421
5423
5423
5424
5425
5425
5425
5425
5426
5428
5428
5429
5430
5430
5430
5431
5433
5433
5433
5434
5436
5437
5438
5439
5439
5440
5440
5441
5441
5441
5442
5443
5443
5443
5444
5444
5446
5448
5448
5448
5448
5448
5448
5449
5450
5450
5451
5451
5452
5452
5453
5453
5454
5455
5458
5461
5461
5461
5465
5465
5466
5468
5468
5470
5472
5473
5474
5474
5475
5477
5477
5478
5478
5478
5481
5481
5482
5482
5484
5484
5486
5486
5486
5487
5487
5487
5487
5488
5490
5490
5492
5493
5493
5494
5494
5495
5496
5502
5504
5504
5505
5505
5506
5507
5508
5509
5511
5512
5512
5514
5515
5517
5518
5519
5521
5521
5521
5522
5523
5523
5524
5529
5529
5531
5532
5532
5534
5535
5535
5538
5538
5539
5541
5541
5542
5543
5543
5543
5547
5548
5549
5550
5551
5553
5553
5554
5555
5555
5555
5557
5559
5559
5559
5560
5563
5564
5564
5568
5572
5573
5574
5577
5578
5578
5578
5578
5580
5580
5581
5581
5584
5586
5586
5587
5588
5589
5590
5590
5592
5593
5593
5595
5596
5597
5598
5599
5601
5601
5601
5602
5602
5603
5603
5604
5604
5606
5607
5610
5610
5611
5611
5611
5612
5616
5620
5621
5621
5622
5622
5623
5623
5624
5625
5626
5626
5628
5628
5629
5631
5632
5633
5633
5633
5634
5635
5636
5638
5638
5638
5640
5641
5641
5641
5643
5644
5644
5644
5646
5646
5647
5648
5652
5655
5656
5656
5656
5658
5659
5660
5663
5663
5664
5664
5664
5665
5666
5667
5667
5667
5670
5670
5671
5671
5672
5672
5673
5675
5677
5678
5678
5680
5680
5680
5682
5683
5685
5686
5688
5690
5692
5694
5695
5696
5696
5696
5699
5699
5699
5701
5702
5703
5704
5705
5706
5706
5706
5707
5707
5709
5711
5711
5712
5713
5714
5714
5716
5718
5718
5721
5722
5722
5723
5726
5726
5727
5728
5729
5731
5732
5734
5735
5737
5742
5742
5743
5746
5747
5748
5749
5750
5751
5753
5757
5758
5759
5759
5760
5761
5761
5762
5763
5763
5765
5767
5770
5772
5773
5775
5775
5776
5776
5777
5777
5778
5778
5780
5780
5781
5781
5781
5782
5782
5785
5785
5787
5787
5787
5788
5788
5789
5789
5789
5790
5790
5792
5793
5795
5795
5796
5798
5799
5800
5800
5803
5804
5804
5805
5805
5806
5807
5808
5811
5812
5815
5815
5816
5816
5819
5821
5821
5821
5821
5822
5822
5823
5823
5824
5825
5825
5828
5829
5830
5831
5833
5833
5833
5834
5836
5837
5837
5838
5838
5839
5840
5841
5843
5844
5847
5848
5850
5850
5850
5851
5852
5852
5852
5855
5855
5856
5857
5858
5860
5860
5864
5865
5866
5866
5866
5867
5868
5868
5868
5868
5868
5870
5873
5874
5874
5876
5876
5877
5878
5879
5881
5881
5884
5885
5885
5885
5888
5891
5891
5892
5892
5895
5896
5896
5896
5896
5897
5897
5898
5898
5898
5900
5902
5903
5911
5912
5914
5915
5915
5917
5918
5919
5920
5921
5923
5924
5924
5925
5926
5928
5929
5930
5930
5932
5935
5935
5937
5940
5941
5942
5942
5944
5944
5945
5946
5947
5948
5949
5950
5952
5952
5953
5953
5953
5956
5956
5957
5960
5964
5967
5967
5967
5968
5969
5970
5971
5972
5972
5973
5975
5975
5976
5976
5977
5978
5979
5980
5981
5982
5983
5983
5989
5990
5992
5992
5992
5992
5993
5994
5994
5995
5999
5999
6000
6001
6002
6003
6003
6004
6004
6004
6005
6005
6005
6006
6006
6006
6007
6007
6008
6008
6009
6010
6010
6014
6015
6015
6016
6016
6016
6016
6017
6017
6018
6022
6022
6028
6029
6031
6032
6032
6034
6037
6039
6042
6042
6042
6043
6043
6050
6051
6052
6053
6054
6054
6055
6055
6056
6057
6058
6058
6058
6059
6060
6065
6066
6066
6066
6067
6067
6067
6068
6070
6071
6072
6075
6075
6077
6079
6079
6080
6082
6082
6082
6085
6087
6089
6090
6090
6090
6090
6092
6092
6093
6094
6094
6094
6095
6097
6099
6100
6102
6103
6104
6105
6108
6109
6112
6114
6116
6116
6116
6117
6119
6119
6121
6126
6126
6127
6127
6127
6128
6129
6129
6132
6133
6136
6137
6137
6139
6142
6142
6142
6143
6144
6145
6145
6146
6148
6149
6150
6152
6152
6153
6153
6154
6157
6159
6161
6162
6163
6164
6166
6166
6166
6166
6167
6170
6171
6172
6172
6174
6175
6176
6176
6177
6180
6181
6182
6183
6184
6184
6187
6190
6192
6196
6197
6199
6202
6203
6203
6207
6209
6209
6209
6212
6215
6217
6217
6218
6218
6219
6222
6222
6223
6226
6226
6228
6228
6229
6229
6231
6232
6235
6235
6236
6237
6237
6237
6245
6249
6254
6258
6260
6261
6263
6263
6264
6265
6265
6266
6268
6274
6276
6276
6280
6281
6282
6283
6284
6285
6285
6285
6286
6287
6287
6287
6288
6288
6289
6291
6292
6293
6293
6294
6296
6296
6296
6298
6298
6301
6302
6302
6303
6307
6308
6309
6310
6311
6314
6314
6314
6315
6315
6315
6316
6317
6319
6321
6321
6323
6323
6324
6326
6327
6327
6328
6330
6333
6335
6335
6336
6337
6338
6338
6339
6339
6341
6343
6343
6344
6345
6346
6348
6348
6348
6349
6351
6353
6354
6355
6355
6356
6357
6357
6357
6358
6362
6362
6363
6365
6366
6372
6372
6372
6373
6374
6375
6376
6376
6376
6376
6377
6377
6378
6379
6380
6381
6381
6382
6383
6384
6384
6386
6388
6392
6396
6397
6399
6402
6402
6405
6405
6408
6410
6412
6412
6414
6415
6420
6422
6422
6424
6424
6425
6428
6429
6431
6434
6436
6437
6438
6440
6442
6443
6444
6444
6444
6446
6446
6446
6448
6448
6448
6449
6450
6452
6453
6453
6454
6454
6457
6460
6461
6462
6465
6465
6467
6467
6469
6471
6472
6475
6476
6476
6476
6476
6476
6477
6478
6478
6481
6482
6483
6484
6484
6486
6486
6487
6487
6489
6490
6490
6490
6492
6496
6498
6498
6498
6499
6500
6501
6503
6504
6505
6505
6505
6506
6507
6509
6509
6509
6510
6511
6511
6512
6513
6513
6514
6516
6516
6518
6519
6522
6523
6523
6523
6526
6528
6531
6531
6532
6532
6534
6536
6538
6538
6538
6539
6539
6539
6542
6543
6547
6548
6548
6549
6550
6551
6551
6553
6553
6553
6554
6554
6554
6554
6556
6557
6560
6560
6560
6561
6563
6564
6564
6566
6569
6570
6572
6573
6574
6574
6575
6576
6576
6577
6578
6579
6580
6583
6584
6584
6584
6588
6589
6590
6596
6597
6597
6598
6598
6598
6598
6600
6602
6603
6603
6606
6607
6607
6609
6609
6610
6610
6611
6611
6611
6612
6614
6615
6615
6615
6616
6618
6618
6619
6620
6620
6621
6621
6621
6621
6623
6623
6625
6626
6629
6629
6630
6630
6631
6631
6632
6633
6633
6635
6635
6637
6637
6637
6638
6638
6640
6641
6641
6641
6643
6644
6646
6647
6647
6647
6647
6649
6650
6655
6659
6661
6663
6664
6666
6667
6668
6668
6669
6670
6670
6671
6671
6672
6672
6676
6677
6679
6679
6679
6680
6681
6683
6684
6685
6686
6687
6689
6690
6690
6691
6692
6693
6694
6694
6695
6695
6696
6696
6697
6698
6698
6699
6701
6701
6702
6704
6705
6707
6708
6709
6709
6710
6710
6712
6714
6717
6717
6717
6718
6718
6719
6720
6720
6723
6723
6724
6725
6726
6726
6727
6728
6729
6731
6734
6737
6739
6739
6739
6739
6740
6741
6742
6743
6744
6747
6749
6751
6753
6754
6756
6758
6758
6760
6760
6763
6763
6764
6765
6765
6766
6766
6767
6769
6770
6770
6771
6773
6774
6775
6777
6778
6779
6780
6781
6782
6783
6783
6784
6788
6788
6789
6790
6791
6791
6791
6792
6792
6793
6796
6797
6800
6800
6801
6801
6802
6805
6806
6808
6809
6809
6810
6811
6811
6813
6814
6814
6814
6815
6816
6816
6819
6820
6822
6822
6823
6823
6825
6826
6826
6826
6827
6829
6830
6832
6833
6835
6839
6839
6844
6847
6849
6849
6851
6853
6856
6857
6859
6862
6866
6868
6871
6872
6872
6873
6874
6874
6877
6877
6880
6883
6884
6887
6888
6888
6888
6888
6889
6891
6891
6892
6892
6892
6896
6896
6897
6902
6903
6903
6905
6907
6909
6909
6910
6910
6911
6912
6913
6917
6922
6922
6925
6926
6929
6929
6929
6931
6932
6933
6934
6934
6934
6935
6935
6935
6936
6938
6939
6941
6942
6943
6945
6945
6945
6947
6947
6949
6949
6950
6950
6952
6953
6955
6955
6956
6957
6957
6958
6959
6959
6960
6963
6963
6964
6965
6965
6969
6970
6971
6971
6972
6972
6974
6977
6980
6983
6984
6985
6987
6990
6990
6991
6991
6993
6993
6994
6994
6994
6995
6995
6995
6996
6996
6997
7000
7000
7000
7001
7002
7003
7004
7006
7011
7012
7013
7013
7013
7013
7013
7014
7015
7016
7016
7017
7018
7018
7019
7020
7020
7021
7021
7023
7023
7024
7024
7025
7026
7026
7027
7028
7028
7030
7030
7030
7030
7030
7031
7032
7033
7033
7033
7033
7035
7036
7037
7043
7044
7044
7044
7047
7048
7050
7050
7052
7055
7055
7055
7056
7057
7058
7059
7059
7059
7059
7059
7059
7059
7059
7060
7060
7061
7062
7062
7062
7063
7065
7068
7069
7074
7074
7075
7075
7075
7075
7075
7076
7076
7077
7078
7080
7080
7081
7082
7083
7084
7085
7085
7086
7088
7090
7091
7093
7094
7095
7096
7097
7100
7101
7102
7104
7105
7108
7111
7111
7111
7112
7112
7113
7118
7122
7123
7126
7128
7128
7128
7129
7129
7130
7130
7133
7135
7135
7136
7136
7137
7138
7138
7140
7140
7140
7141
7145
7147
7147
7147
7148
7150
7150
7150
7151
7151
7153
7153
7154
7154
7155
7156
7156
7158
7158
7159
7160
7162
7162
7163
7167
7168
7170
7171
7171
7171
7173
7178
7179
7181
7181
7181
7181
7181
7183
7185
7185
7186
7186
7190
7193
7193
7195
7195
7198
7199
7199
7200
7200
7200
7202
7203
7205
7206
7206
7206
7206
7207
7208
7209
7209
7209
7210
7210
7212
7215
7215
7215
7220
7220
7221
7221
7222
7224
7224
7226
7227
7227
7229
7229
7231
7231
7234
7234
7235
7235
7236
7236
7238
7238
7239
7239
7239
7241
7242
7243
7244
7245
7245
7245
7246
7246
7247
7247
7248
7249
7249
7250
7251
7253
7254
7258
7259
7260
7260
7261
7262
7264
7267
7268
7272
7272
7273
7275
7277
7278
7278
7279
7283
7284
7285
7287
7287
7289
7289
7290
7290
7291
7291
7292
7294
7294
7295
7295
7295
7295
7296
7296
7298
7301
7303
7304
7305
7305
7308
7309
7311
7311
7312
7316
7316
7319
7320
7320
7320
7320
7320
7321
7324
7325
7325
7326
7326
7329
7329
7330
7331
7332
7332
7334
7334
7335
7335
7336
7336
7336
7337
7339
7339
7340
7343
7343
7344
7344
7344
7346
7347
7347
7348
7348
7348
7348
7349
7350
7353
7355
7357
7358
7358
7359
7361
7363
7364
7364
7365
7365
7366
7366
7368
7369
7369
7370
7371
7372
7376
7377
7377
7377
7378
7379
7381
7382
7383
7383
7384
7388
7388
7388
7389
7390
7395
7395
7395
7396
7396
7400
7402
7402
7404
7405
7406
7406
7406
7407
7409
7411
7411
7411
7413
7413
7415
7415
7417
7419
7420
7423
7425
7426
7426
7428
7428
7429
7430
7431
7433
7433
7435
7436
7436
7436
7438
7438
7439
7439
7440
7440
7440
7441
7443
7444
7445
7447
7448
7449
7450
7450
7452
7452
7453
7455
7455
7457
7458
7461
7462
7463
7464
7465
7466
7468
7468
7469
7469
7470
7471
7471
7473
7473
7474
7475
7475
7475
7477
7480
7483
7483
7484
7487
7487
7487
7487
7487
7489
7489
7489
7490
7490
7490
7491
7492
7493
7495
7496
7497
7497
7499
7499
7500
7501
7502
7503
7504
7505
7506
7508
7509
7513
7513
7514
7515
7516
7517
7517
7518
7519
7519
7521
7522
7523
7523
7524
7526
7526
7529
7529
7531
7531
7532
7534
7535
7535
7536
7536
7536
7538
7539
7539
7540
7540
7540
7541
7542
7543
7544
7545
7545
7548
7550
7550
7554
7554
7557
7560
7561
7563
7565
7566
7567
7568
7569
7569
7570
7570
7572
7572
7573
7573
7574
7576
7576
7577
7578
7578
7579
7582
7583
7584
7584
7586
7587
7588
7588
7588
7589
7590
7592
7593
7594
7594
7595
7596
7598
7600
7601
7603
7604
7606
7610
7612
7612
7612
7612
7612
7613
7614
7614
7614
7616
7617
7617
7619
7619
7621
7622
7623
7624
7625
7625
7630
7631
7631
7631
7631
7632
7632
7637
7639
7640
7642
7642
7643
7643
7643
7643
7644
7645
7645
7648
7648
7651
7652
7652
7655
7655
7656
7657
7657
7657
7659
7659
7660
7661
7662
7663
7666
7668
7668
7668
7669
7671
7672
7672
7674
7674
7676
7676
7681
7682
7682
7683
7683
7683
7684
7686
7686
7686
7687
7688
7689
7689
7692
7694
7695
7696
7696
7698
7701
7704
7704
7704
7707
7708
7708
7711
7711
7711
7714
7715
7721
7721
7722
7723
7723
7724
7724
7725
7726
7726
7730
7732
7732
7732
7733
7734
7734
7736
7736
7736
7740
7740
7740
7741
7743
7744
7746
7746
7746
7746
7748
7749
7752
7755
7755
7756
7758
7759
7759
7760
7761
7762
7762
7765
7769
7770
7770
7772
7772
7772
7772
7773
7773
7774
7775
7777
7777
7779
7779
7780
7780
7780
7781
7783
7783
7785
7787
7787
7787
7788
7789
7789
7790
7791
7794
7795
7798
7799
7800
7803
7805
7805
7806
7806
7807
7807
7808
7809
7809
7810
7811
7812
7813
7814
7815
7815
7816
7817
7818
7818
7819
7819
7820
7821
7822
7824
7824
7824
7826
7829
7829
7830
7832
7836
7838
7839
7839
7840
7841
7843
7844
7850
7852
7853
7854
7856
7856
7858
7859
7862
7865
7866
7870
7873
7874
7875
7875
7878
7878
7879
7880
7881
7882
7882
7885
7885
7885
7890
7892
7895
7895
7896
7896
7896
7897
7897
7899
7899
7900
7900
7901
7901
7902
7904
7905
7907
7907
7908
7909
7911
7911
7915
7916
7916
7918
7918
7918
7918
7921
7923
7924
7925
7927
7929
7930
7932
7933
7934
7935
7935
7935
7936
7937
7940
7941
7941
7941
7941
7944
7944
7944
7944
7947
7947
7948
7949
7949
7949
7949
7951
7952
7953
7954
7954
7955
7956
7958
7960
7960
7961
7961
7961
7962
7962
7962
7964
7968
7969
7970
7970
7971
7971
7971
7972
7972
7975
7978
7979
7979
7979
7979
7980
7981
7983
7985
7989
7992
7992
7993
7993
7994
7996
7996
7997
7997
7998
7999
7999
8001
8002
8003
8003
8005
8005
8005
8005
8006
8006
8007
8008
8010
8011
8011
8011
8013
8014
8017
8017
8018
8019
8020
8024
8024
8024
8024
8025
8027
8027
8029
8029
8034
8035
8035
8037
8037
8038
8041
8042
8046
8046
8046
8046
8049
8050
8050
8052
8054
8054
8054
8055
8056
8057
8057
8057
8058
8058
8059
8060
8060
8064
8065
8066
8067
8067
8068
8069
8070
8070
8071
8071
8071
8071
8073
8073
8074
8074
8076
8077
8078
8079
8081
8082
8082
8082
8084
8087
8088
8088
8090
8094
8096
8096
8098
8098
8100
8102
8105
8107
8109
8109
8112
8113
8114
8115
8116
8117
8118
8119
8119
8119
8120
8120
8123
8123
8124
8124
8125
8127
8128
8129
8134
8134
8136
8136
8136
8136
8138
8139
8139
8140
8141
8144
8144
8145
8146
8146
8147
8149
8152
8153
8154
8157
8157
8158
8160
8160
8160
8163
8164
8164
8168
8169
8169
8170
8172
8173
8177
8177
8178
8178
8180
8180
8181
8181
8181
8183
8183
8185
8187
8187
8189
8190
8190
8194
8195
8195
8196
8200
8200
8200
8203
8205
8208
8209
8209
8209
8210
8210
8211
8211
8211
8215
8217
8218
8218
8219
8219
8220
8220
8222
8224
8224
8224
8229
8229
8230
8231
8232
8232
8232
8232
8233
8233
8233
8233
8235
8235
8236
8236
8237
8237
8240
8241
8242
8242
8245
8245
8245
8245
8247
8247
8248
8250
8250
8251
8252
8252
8253
8254
8255
8256
8256
8257
8260
8261
8261
8262
8263
8263
8264
8265
8265
8267
8267
8267
8268
8269
8269
8271
8271
8274
8275
8275
8275
8278
8278
8279
8280
8280
8281
8281
8282
8282
8283
8283
8287
8290
8290
8290
8291
8292
8293
8293
8294
8295
8296
8296
8297
8297
8298
8298
8299
8299
8301
8301
8302
8303
8304
8305
8305
8305
8306
8307
8308
8308
8308
8308
8308
8309
8309
8309
8310
8310
8316
8316
8317
8317
8317
8318
8318
8324
8325
8325
8325
8326
8331
8332
8334
8334
8337
8337
8338
8338
8338
8340
8344
8344
8344
8348
8348
8351
8354
8354
8356
8357
8358
8358
8361
8361
8362
8362
8364
8364
8364
8365
8365
8366
8367
8368
8368
8368
8370
8371
8371
8371
8372
8373
8373
8374
8375
8375
8377
8377
8378
8378
8380
8380
8380
8381
8384
8385
8386
8387
8389
8390
8391
8391
8392
8394
8396
8397
8399
8399
8399
8402
8402
8405
8407
8407
8408
8409
8412
8415
8419
8422
8423
8425
8426
8426
8427
8427
8427
8431
8432
8432
8435
8435
8436
8437
8437
8438
8439
8440
8441
8443
8444
8445
8446
8448
8450
8451
8453
8455
8455
8456
8458
8458
8460
8460
8461
8461
8462
8463
8463
8465
8465
8467
8468
8469
8471
8471
8471
8473
8474
8474
8476
8478
8483
8484
8484
8487
8488
8488
8489
8490
8491
8492
8492
8492
8493
8493
8493
8493
8494
8495
8496
8500
8501
8501
8504
8504
8505
8505
8506
8506
8507
8508
8509
8511
8511
8511
8512
8513
8513
8517
8517
8519
8519
8521
8521
8522
8523
8523
8523
8523
8524
8526
8526
8527
8528
8530
8531
8533
8533
8534
8537
8538
8539
8539
8540
8541
8541
8541
8544
8544
8544
8545
8548
8549
8550
8552
8552
8554
8555
8556
8557
8558
8559
8560
8561
8563
8564
8566
8566
8566
8568
8568
8568
8570
8570
8570
8571
8571
8573
8574
8574
8575
8576
8576
8578
8578
8579
8579
8580
8581
8581
8582
8584
8586
8587
8589
8589
8590
8592
8593
8593
8594
8597
8597
8598
8601
8604
8605
8605
8605
8606
8607
8607
8608
8611
8612
8613
8613
8614
8616
8617
8617
8621
8623
8624
8625
8627
8628
8630
8630
8631
8631
8631
8631
8635
8635
8636
8636
8637
8638
8640
8641
8641
8642
8645
8646
8646
8647
8648
8650
8650
8651
8652
8654
8654
8654
8654
8655
8656
8657
8657
8658
8659
8660
8661
8661
8663
8663
8665
8665
8665
8665
8666
8667
8667
8668
8670
8670
8671
8673
8675
8675
8677
8678
8679
8679
8680
8681
8682
8684
8685
8687
8688
8689
8689
8690
8691
8692
8692
8694
8695
8697
8697
8698
8699
8701
8705
8705
8708
8709
8710
8710
8710
8711
8712
8713
8713
8714
8715
8718
8721
8721
8725
8728
8728
8729
8730
8730
8730
8731
8732
8732
8733
8733
8735
8740
8740
8740
8741
8741
8742
8743
8747
8750
8750
8754
8755
8758
8759
8760
8762
8762
8765
8768
8768
8769
8769
8770
8771
8773
8774
8775
8776
8777
8777
8778
8779
8781
8781
8781
8785
8785
8786
8787
8789
8793
8793
8795
8797
8797
8798
8799
8801
8805
8805
8806
8807
8808
8809
8809
8812
8814
8819
8822
8823
8824
8825
8825
8827
8828
8830
8832
8834
8834
8834
8835
8835
8836
8836
8836
8837
8840
8840
8841
8843
8844
8845
8848
8849
8851
8852
8852
8854
8854
8855
8857
8857
8858
8860
8860
8861
8862
8862
8863
8863
8864
8864
8864
8864
8866
8868
8868
8869
8869
8869
8869
8870
8870
8872
8873
8873
8875
8876
8876
8876
8877
8880
8880
8881
8884
8885
8887
8890
8892
8892
8896
8896
8896
8897
8898
8905
8908
8908
8910
8911
8914
8914
8915
8918
8919
8919
8922
8922
8923
8924
8927
8927
8928
8928
8928
8928
8931
8932
8933
8934
8934
8934
8934
8937
8937
8938
8939
8940
8941
8942
8943
8945
8945
8947
8947
8949
8950
8953
8954
8957
8960
8961
8964
8966
8967
8967
8968
8968
8969
8972
8972
8976
8977
8978
8980
8981
8983
8983
8984
8985
8985
8986
8986
8988
8990
8991
8994
8994
8995
8996
8996
8999
9000
9000
9002
9002
9003
9005
9005
9007
9007
9008
9009
9009
9010
9011
9011
9012
9015
9020
9020
9021
9021
9022
9024
9026
9027
9031
9032
9032
9032
9033
9034
9034
9035
9036
9036
9037
9041
9043
9044
9044
9044
9046
9047
9048
9048
9050
9051
9051
9051
9051
9052
9054
9055
9057
9057
9058
9058
9060
9060
9061
9061
9063
9065
9067
9068
9068
9068
9071
9071
9075
9077
9078
9079
9081
9085
9086
9086
9086
9088
9089
9090
9090
9091
9091
9092
9093
9094
9094
9094
9095
9095
9097
9097
9098
9099
9100
9100
9102
9103
9105
9106
9107
9108
9108
9109
9110
9111
9113
9113
9114
9114
9116
9118
9122
9123
9125
9127
9130
9131
9133
9136
9138
9138
9138
9138
9138
9139
9139
9140
9141
9143
9144
9146
9146
9146
9147
9149
9149
9149
9150
9152
9154
9157
9159
9159
9163
9163
9163
9164
9164
9164
9169
9169
9170
9170
9171
9177
9177
9178
9180
9182
9187
9188
9189
9190
9190
9191
9192
9194
9194
9196
9197
9199
9200
9203
9203
9204
9205
9205
9205
9206
9207
9208
9209
9209
9210
9211
9211
9214
9215
9216
9218
9218
9219
9220
9220
9222
9223
9226
9227
9229
9229
9229
9232
9232
9232
9234
9235
9236
9241
9242
9244
9246
9246
9246
9247
9248
9248
9249
9249
9251
9253
9254
9255
9255
9264
9265
9265
9266
9266
9267
9268
9269
9270
9271
9272
9275
9277
9277
9279
9280
9284
9285
9286
9287
9287
9288
9291
9291
9292
9293
9294
9294
9294
9294
9295
9295
9295
9296
9297
9298
9299
9300
9300
9301
9301
9304
9304
9305
9307
9307
9308
9308
9309
9310
9311
9314
9315
9317
9317
9319
9320
9321
9322
9324
9325
9325
9326
9326
9328
9328
9329
9331
9331
9331
9333
9337
9341
9341
9341
9342
9342
9343
9343
9344
9344
9344
9347
9347
9349
9349
9351
9352
9353
9354
9354
9355
9356
9356
9356
9358
9361
9363
9364
9365
9367
9367
9367
9367
9369
9369
9369
9369
9370
9371
9373
9374
9374
9377
9379
9379
9380
9382
9382
9384
9389
9389
9389
9394
9397
9399
9401
9402
9402
9403
9404
9404
9404
9404
9409
9409
9410
9412
9414
9417
9419
9420
9421
9422
9422
9424
9424
9425
9425
9425
9426
9426
9427
9428
9430
9430
9432
9433
9436
9436
9437
9437
9437
9438
9438
9439
9440
9441
9441
9441
9442
9442
9443
9443
9449
9450
9450
9450
9450
9451
9452
9454
9454
9456
9457
9459
9460
9464
9464
9464
9466
9467
9467
9468
9468
9469
9469
9469
9470
9471
9472
9473
9474
9475
9476
9476
9479
9479
9479
9479
9480
9481
9481
9482
9484
9486
9487
9491
9494
9494
9495
9495
9496
9497
9497
9497
9498
9498
9502
9503
9508
9509
9509
9511
9511
9513
9514
9518
9519
9523
9524
9524
9525
9525
9526
9527
9528
9530
9532
9535
9535
9539
9540
9540
9540
9541
9542
9542
9542
9542
9549
9551
9551
9552
9555
9556
9557
9559
9560
9560
9560
9561
9563
9566
9569
9570
9570
9571
9574
9576
9577
9580
9580
9580
9581
9581
9582
9583
9585
9585
9586
9587
9587
9587
9588
9589
9590
9591
9591
9591
9592
9593
9593
9594
9596
9596
9597
9598
9599
9599
9601
9601
9602
9602
9604
9604
9606
9607
9607
9607
9610
9610
9612
9615
9616
9616
9617
9620
9620
9621
9621
9622
9625
9625
9626
9628
9628
9630
9630
9631
9635
9635
9635
9636
9636
9637
9638
9639
9640
9641
9644
9644
9645
9645
9647
9647
9649
9649
9650
9653
9653
9654
9655
9655
9657
9657
9661
9663
9663
9664
9668
9668
9668
9670
9671
9672
9673
9673
9674
9674
9676
9676
9679
9680
9681
9682
9682
9684
9686
9686
9687
9688
9688
9689
9690
9690
9690
9691
9691
9694
9698
9701
9701
9702
9705
9706
9706
9707
9707
9708
9708
9711
9711
9713
9716
9716
9717
9717
9719
9720
9720
9722
9723
9724
9726
9726
9728
9729
9729
9729
9730
9731
9731
9731
9732
9732
9734
9734
9735
9739
9739
9740
9740
9741
9742
9742
9743
9744
9747
9749
9750
9752
9755
9755
9756
9761
9761
9766
9767
9767
9767
9768
9768
9769
9770
9771
9772
9772
9773
9773
9774
9775
9775
9775
9776
9776
9777
9778
9780
9780
9781
9781
9781
9781
9783
9783
9784
9788
9788
9788
9788
9792
9794
9795
9796
9798
9799
9799
9801
9801
9801
9802
9803
9806
9807
9808
9811
9815
9815
9816
9818
9818
9819
9819
9820
9821
9823
9823
9829
9829
9830
9830
9831
9835
9836
9839
9839
9840
9841
9841
9841
9844
9845
9846
9846
9847
9849
9849
9852
9856
9856
9858
9858
9861
9862
9863
9866
9867
9867
9867
9868
9869
9872
9875
9875
9877
9879
9880
9881
9881
9884
9884
9885
9885
9887
9887
9888
9890
9892
9893
9893
9895
9896
9897
9898
9899
9901
9903
9905
9905
9906
9907
9908
9909
9909
9910
9911
9912
9914
9915
9915
9916
9917
9918
9921
9923
9923
9924
9924
9925
9926
9929
9932
9933
9933
9935
9935
9935
9936
9936
9938
9938
9941
9941
9942
9942
9943
9943
9946
9946
9947
9948
9949
9949
9949
9950
9953
9954
9955
9955
9956
9956
9957
9958
9958
9959
9960
9961
9961
9961
9961
9963
9963
9966
9966
9966
9969
9969
9973
9975
9975
9975
9976
9978
9978
9979
9979
9982
9983
9984
9984
9985
9985
9987
9987
9989
9991
9993
9993
9994
9997
9998
9998
