0
3
49
51
52
52
72
77
89
93
100
110
134
137
162
163
168
177
183
184
190
191
192
195
214
216
229
234
239
244
255
282
285
290
305
317
319
339
344
352
358
361
370
388
399
400
402
419
425
426
429
436
439
452
454
466
467
477
479
481
502
503
505
512
516
526
560
574
577
577
590
593
619
625
635
638
649
658
660
666
684
697
719
722
734
738
748
760
777
783
783
784
790
811
817
819
829
830
833
837
848
850
855
856
856
858
866
867
871
881
892
903
906
908
916
917
918
922
940
947
952
953
983
989
1004
1013
1014
1014
1016
1028
1036
1043
1052
1060
1073
1088
1095
1098
1106
1110
1115
1145
1149
1155
1167
1184
1190
1194
1194
1200
1209
1219
1227
1231
1234
1234
1246
1249
1270
1274
1277
1279
1297
1299
1308
1313
1333
1344
1348
1389
1396
1416
1425
1434
1436
1437
1439
1503
1508
1522
1525
1534
1538
1545
1547
1549
1550
1560
1566
1575
1579
1593
1601
1604
1610
1611
1611
1614
1619
1623
1627
1642
1647
1649
1674
1674
1679
1680
1683
1708
1714
1726
1730
1748
1748
1755
1765
1777
1782
1782
1785
1786
1802
1813
1822
1823
1834
1836
1837
1850
1854
1867
1876
1893
1898
1910
1925
1930
1940
1945
1950
1951
1962
1963
1972
1979
1981
1983
1983
1985
1995
2000
2011
2037
2049
2054
2074
2082
2083
2083
2092
2101
2103
2104
2112
2129
2140
2142
2146
2148
2150
2153
2158
2165
2165
2166
2172
2176
2178
2201
2204
2207
2212
2232
2237
2241
2247
2261
2266
2272
2281
2282
2289
2291
2292
2300
2303
2306
2308
2317
2318
2319
2330
2331
2342
2351
2356
2374
2396
2397
2419
2424
2426
2427
2433
2436
2442
2443
2479
2483
2488
2490
2491
2505
2507
2508
2517
2540
2543
2557
2568
2581
2584
2585
2595
2617
2621
2634
2642
2668
2668
2670
2671
2674
2680
2683
2684
2704
2712
2713
2739
2743
2745
2799
2834
2839
2847
2865
2876
2886
2895
2916
2925
2940
2954
2955
2956
2959
2964
2964
2977
2982
3005
3015
3017
3020
3039
3041
3041
3054
3123
3123
3125
3160
3196
3201
3206
3214
3219
3235
3237
3243
3258
3262
3264
3274
3288
3297
3306
3341
3345
3363
3365
3373
3380
3384
3400
3438
3444
3461
3476
3494
3501
3514
3526
3537
3540
3549
3554
3582
3589
3589
3611
3622
3636
3640
3673
3675
3678
3690
3692
3695
3722
3724
3736
3740
3760
3775
3776
3805
3808
3809
3811
3817
3835
3846
3849
3866
3884
3893
3902
3939
3975
3976
3977
3982
3986
3988
4037
4055
4057
4088
4101
4121
4127
4136
4149
4180
4186
4189
4205
4237
4237
4257
4258
4259
4279
4287
4295
4312
4371
4371
4387
4393
4396
4422
4425
4429
4443
4449
4461
4469
4470
4504
4505
4514
4517
4528
4531
4536
4553
4556
4557
4577
4578
4607
4623
4624
4631
4681
4693
4694
4696
4715
4715
4723
4735
4754
4755
4773
4791
4793
4799
4800
4801
4803
4853
4858
4869
4881
4882
4891
4923
4926
4954
4959
4959
4963
4964
4981
4988
5009
5012
5019
5041
5062
5082
5108
5115
5117
5128
5151
5154
5180
5181
5190
5191
5202
5209
5214
5232
5236
5239
5251
5253
5274
5288
5293
5323
5325
5330
5345
5362
5364
5387
5390
5397
5428
5447
5450
5463
5490
5493
5498
5547
5549
5602
5633
5650
5661
5667
5684
5701
5703
5720
5746
5746
5776
5787
5816
5816
5818
5825
5842
5853
5886
5887
5893
5895
5899
5899
5921
5933
5940
5942
5953
5953
5955
5957
5984
6015
6025
6035
6050
6065
6074
6083
6096
6162
6164
6168
6173
6173
6188
6206
6255
6262
6268
6289
6290
6299
6307
6328
6331
6356
6368
6378
6382
6383
6397
6404
6438
6450
6455
6478
6487
6492
6509
6513
6529
6538
6556
6557
6562
6571
6575
6596
6597
6615
6618
6632
6641
6651
6675
6677
6715
6721
6761
6793
6794
6804
6805
6806
6837
6846
6865
6873
6915
6926
6931
6932
6947
6953
6956
6958
6962
6978
6990
7010
7021
7024
7030
7034
7038
7046
7048
7052
7065
7065
7073
7081
7095
7099
7104
7117
7136
7136
7153
7161
7169
7172
7172
7174
7178
7195
7197
7199
7203
7210
7216
7230
7233
7235
7237
7259
7263
7263
7286
7289
7295
7299
7305
7310
7325
7325
7326
7341
7367
7394
7406
7414
7417
7417
7428
7433
7441
7447
7448
7467
7472
7483
7486
7490
7492
7494
7512
7531
7534
7535
7546
7594
7597
7644
7656
7672
7686
7689
7700
7701
7737
7740
7749
7749
7752
7756
7762
7763
7799
7802
7805
7815
7826
7828
7836
7839
7850
7860
7864
7875
7902
7915
7927
7930
7933
7934
7935
7946
7960
7976
7997
8005
8011
8014
8018
8063
8084
8095
8095
8120
8121
8135
8135
8140
8147
8148
8150
8153
8163
8172
8194
8204
8219
8219
8274
8290
8291
8298
8323
8358
8384
8390
8402
8410
8418
8422
8441
8447
8447
8491
8492
8494
8496
8504
8511
8516
8532
8538
8549
8588
8588
8588
8591
8610
8616
8620
8626
8637
8637
8641
8644
8655
8671
8686
8687
8699
8719
8720
8730
8746
8773
8778
8779
8779
8784
8793
8802
8831
8842
8844
8847
8871
8874
8891
8894
8897
8933
8935
8962
8965
8968
8980
9005
9033
9052
9059
9061
9078
9083
9092
9107
9109
9109
9114
9123
9123
9125
9148
9150
9152
9164
9194
9249
9250
9253
9260
9260
9273
9276
9307
9313
9329
9340
9348
9357
9361
9378
9380
9381
9387
9388
9398
9429
9438
9442
9450
9451
9456
9461
9521
9587
9595
9601
9603
9609
9621
9628
9632
9640
9648
9648
9649
9652
9667
9676
9681
9686
9694
9708
9735
9739
9741
9752
9784
9799
9801
9822
9825
9827
9831
9832
9836
9848
9849
9853
9856
9860
9866
9893
9909
9922
9927
9931
9933
9948
9950
9951
9961
9972
9984
9996
